Temperatur, Messreihe #1
Zeit ( s )	Temperatur ( °C )
0,0000	22,1
0,2000	22,1
0,4000	22,1
0,6000	22,1
0,8000	22,1
1,0000	22,1
1,2000	22,1
1,4000	22,1
1,6000	22,1
1,8000	22,1
2,0000	22,1
2,2000	22,1
2,4000	22,1
2,6000	22,1
2,8000	22,1
3,0000	22,1
3,2000	22,1
3,4000	22,1
3,6000	22,1
3,8000	22,1
4,0000	22,1
4,2000	22,1
4,4000	22,1
4,6000	22,1
4,8000	22,1
5,0000	22,1
5,2000	22,1
5,4000	22,1
5,6000	22,1
5,8000	22,1
6,0000	22,1
6,2000	22,1
6,4000	22,1
6,6000	22,1
6,8000	22,1
7,0000	22,1
7,2000	22,1
7,4000	22,1
7,6000	22,1
7,8000	22,1
8,0000	22,1
8,2000	22,1
8,4000	22,1
8,6000	22,1
8,8000	22,1
9,0000	22,1
9,2000	22,1
9,4000	22,1
9,6000	22,1
9,8000	22,1
10,0000	22,1
10,2000	22,1
10,4000	22,0
10,6000	22,0
10,8000	22,0
11,0000	22,0
11,2000	22,0
11,4000	22,0
11,6000	22,0
11,8000	22,0
12,0000	22,0
12,2000	22,0
12,4000	22,0
12,6000	22,0
12,8000	22,0
13,0000	22,0
13,2000	22,0
13,4000	21,9
13,6000	21,9
13,8000	21,9
14,0000	21,9
14,2000	21,9
14,4000	21,9
14,6000	21,9
14,8000	21,8
15,0000	21,8
15,2000	21,8
15,4000	21,8
15,6000	21,8
15,8000	21,8
16,0000	21,7
16,2000	21,7
16,4000	21,7
16,6000	21,7
16,8000	21,7
17,0000	21,6
17,2000	21,6
17,4000	21,6
17,6000	21,6
17,8000	21,5
18,0000	21,5
18,2000	21,5
18,4000	21,5
18,6000	21,4
18,8000	21,4
19,0000	21,4
19,2000	21,4
19,4000	21,3
19,6000	21,3
19,8000	21,3
20,0000	21,2
20,2000	21,2
20,4000	21,2
20,6000	21,2
20,8000	21,1
21,0000	21,1
21,2000	21,1
21,4000	21,0
21,6000	21,0
21,8000	21,0
22,0000	20,9
22,2000	20,9
22,4000	20,9
22,6000	20,8
22,8000	20,8
23,0000	20,8
23,2000	20,7
23,4000	20,7
23,6000	20,7
23,8000	20,6
24,0000	20,6
24,2000	20,6
24,4000	20,5
24,6000	20,5
24,8000	20,5
25,0000	20,4
25,2000	20,4
25,4000	20,4
25,6000	20,3
25,8000	20,3
26,0000	20,2
26,2000	20,2
26,4000	20,2
26,6000	20,1
26,8000	20,1
27,0000	20,1
27,2000	20,0
27,4000	20,0
27,6000	19,9
27,8000	19,9
28,0000	19,9
28,2000	19,8
28,4000	19,8
28,6000	19,8
28,8000	19,7
29,0000	19,7
29,2000	19,7
29,4000	19,6
29,6000	19,6
29,8000	19,5
30,0000	19,5
30,2000	19,5
30,4000	19,4
30,6000	19,4
30,8000	19,4
31,0000	19,3
31,2000	19,3
31,4000	19,2
31,6000	19,2
31,8000	19,2
32,0000	19,1
32,2000	19,1
32,4000	19,1
32,6000	19,0
32,8000	19,0
33,0000	19,0
33,2000	18,9
33,4000	18,9
33,6000	18,8
33,8000	18,8
34,0000	18,8
34,2000	18,7
34,4000	18,7
34,6000	18,7
34,8000	18,6
35,0000	18,6
35,2000	18,5
35,4000	18,5
35,6000	18,5
35,8000	18,4
36,0000	18,4
36,2000	18,4
36,4000	18,3
36,6000	18,3
36,8000	18,3
37,0000	18,2
37,2000	18,2
37,4000	18,1
37,6000	18,1
37,8000	18,1
38,0000	18,0
38,2000	18,0
38,4000	18,0
38,6000	17,9
38,8000	17,9
39,0000	17,9
39,2000	17,8
39,4000	17,8
39,6000	17,7
39,8000	17,7
40,0000	17,7
40,2000	17,6
40,4000	17,6
40,6000	17,6
40,8000	17,5
41,0000	17,5
41,2000	17,5
41,4000	17,4
41,6000	17,4
41,8000	17,3
42,0000	17,3
42,2000	17,3
42,4000	17,2
42,6000	17,2
42,8000	17,2
43,0000	17,1
43,2000	17,1
43,4000	17,1
43,6000	17,0
43,8000	17,0
44,0000	16,9
44,2000	16,9
44,4000	16,9
44,6000	16,8
44,8000	16,8
45,0000	16,8
45,2000	16,7
45,4000	16,7
45,6000	16,7
45,8000	16,6
46,0000	16,6
46,2000	16,6
46,4000	16,5
46,6000	16,5
46,8000	16,4
47,0000	16,4
47,2000	16,4
47,4000	16,3
47,6000	16,3
47,8000	16,3
48,0000	16,2
48,2000	16,2
48,4000	16,2
48,6000	16,1
48,8000	16,1
49,0000	16,1
49,2000	16,0
49,4000	16,0
49,6000	16,0
49,8000	15,9
50,0000	15,9
50,2000	15,9
50,4000	15,8
50,6000	15,8
50,8000	15,8
51,0000	15,7
51,2000	15,7
51,4000	15,7
51,6000	15,6
51,8000	15,6
52,0000	15,6
52,2000	15,5
52,4000	15,5
52,6000	15,5
52,8000	15,4
53,0000	15,4
53,2000	15,4
53,4000	15,3
53,6000	15,3
53,8000	15,2
54,0000	15,2
54,2000	15,2
54,4000	15,2
54,6000	15,1
54,8000	15,1
55,0000	15,0
55,2000	15,0
55,4000	15,0
55,6000	14,9
55,8000	14,9
56,0000	14,9
56,2000	14,8
56,4000	14,8
56,6000	14,8
56,8000	14,7
57,0000	14,7
57,2000	14,7
57,4000	14,6
57,6000	14,6
57,8000	14,6
58,0000	14,5
58,2000	14,5
58,4000	14,5
58,6000	14,4
58,8000	14,4
59,0000	14,4
59,2000	14,3
59,4000	14,3
59,6000	14,3
59,8000	14,2
60,0000	14,2
60,2000	14,2
60,4000	14,1
60,6000	14,1
60,8000	14,1
61,0000	14,0
61,2000	14,0
61,4000	14,0
61,6000	13,9
61,8000	13,9
62,0000	13,9
62,2000	13,8
62,4000	13,8
62,6000	13,8
62,8000	13,7
63,0000	13,7
63,2000	13,7
63,4000	13,7
63,6000	13,6
63,8000	13,6
64,0000	13,6
64,2000	13,5
64,4000	13,5
64,6000	13,5
64,8000	13,4
65,0000	13,4
65,2000	13,3
65,4000	13,3
65,6000	13,3
65,8000	13,3
66,0000	13,2
66,2000	13,2
66,4000	13,2
66,6000	13,1
66,8000	13,1
67,0000	13,1
67,2000	13,0
67,4000	13,0
67,6000	13,0
67,8000	12,9
68,0000	12,9
68,2000	12,9
68,4000	12,8
68,6000	12,8
68,8000	12,8
69,0000	12,7
69,2000	12,7
69,4000	12,7
69,6000	12,6
69,8000	12,6
70,0000	12,6
70,2000	12,5
70,4000	12,5
70,6000	12,5
70,8000	12,4
71,0000	12,4
71,2000	12,4
71,4000	12,3
71,6000	12,3
71,8000	12,3
72,0000	12,3
72,2000	12,2
72,4000	12,2
72,6000	12,2
72,8000	12,1
73,0000	12,1
73,2000	12,1
73,4000	12,0
73,6000	12,0
73,8000	12,0
74,0000	11,9
74,2000	11,9
74,4000	11,9
74,6000	11,8
74,8000	11,8
75,0000	11,8
75,2000	11,8
75,4000	11,7
75,6000	11,7
75,8000	11,7
76,0000	11,6
76,2000	11,6
76,4000	11,6
76,6000	11,5
76,8000	11,5
77,0000	11,5
77,2000	11,5
77,4000	11,4
77,6000	11,4
77,8000	11,4
78,0000	11,3
78,2000	11,3
78,4000	11,3
78,6000	11,2
78,8000	11,2
79,0000	11,2
79,2000	11,2
79,4000	11,1
79,6000	11,1
79,8000	11,1
80,0000	11,0
80,2000	11,0
80,4000	11,0
80,6000	10,9
80,8000	10,9
81,0000	10,9
81,2000	10,9
81,4000	10,8
81,6000	10,8
81,8000	10,8
82,0000	10,7
82,2000	10,7
82,4000	10,7
82,6000	10,6
82,8000	10,6
83,0000	10,6
83,2000	10,6
83,4000	10,5
83,6000	10,5
83,8000	10,5
84,0000	10,4
84,2000	10,4
84,4000	10,4
84,6000	10,4
84,8000	10,3
85,0000	10,3
85,2000	10,3
85,4000	10,2
85,6000	10,2
85,8000	10,2
86,0000	10,2
86,2000	10,1
86,4000	10,1
86,6000	10,1
86,8000	10,0
87,0000	10,0
87,2000	10,0
87,4000	9,9
87,6000	9,9
87,8000	9,9
88,0000	9,9
88,2000	9,8
88,4000	9,8
88,6000	9,8
88,8000	9,7
89,0000	9,7
89,2000	9,7
89,4000	9,7
89,6000	9,6
89,8000	9,6
90,0000	9,6
90,2000	9,5
90,4000	9,5
90,6000	9,5
90,8000	9,4
91,0000	9,4
91,2000	9,4
91,4000	9,4
91,6000	9,3
91,8000	9,3
92,0000	9,3
92,2000	9,2
92,4000	9,2
92,6000	9,2
92,8000	9,2
93,0000	9,1
93,2000	9,1
93,4000	9,1
93,6000	9,0
93,8000	9,0
94,0000	9,0
94,2000	9,0
94,4000	8,9
94,6000	8,9
94,8000	8,9
95,0000	8,9
95,2000	8,8
95,4000	8,8
95,6000	8,8
95,8000	8,7
96,0000	8,7
96,2000	8,7
96,4000	8,7
96,6000	8,6
96,8000	8,6
97,0000	8,6
97,2000	8,5
97,4000	8,5
97,6000	8,5
97,8000	8,5
98,0000	8,4
98,2000	8,4
98,4000	8,4
98,6000	8,4
98,8000	8,3
99,0000	8,3
99,2000	8,3
99,4000	8,2
99,6000	8,2
99,8000	8,2
100,0000	8,2
100,2000	8,1
100,4000	8,1
100,6000	8,1
100,8000	8,1
101,0000	8,0
101,2000	8,0
101,4000	8,0
101,6000	7,9
101,8000	7,9
102,0000	7,9
102,2000	7,9
102,4000	7,8
102,6000	7,8
102,8000	7,8
103,0000	7,8
103,2000	7,7
103,4000	7,7
103,6000	7,7
103,8000	7,7
104,0000	7,6
104,2000	7,6
104,4000	7,6
104,6000	7,6
104,8000	7,5
105,0000	7,5
105,2000	7,5
105,4000	7,5
105,6000	7,4
105,8000	7,4
106,0000	7,4
106,2000	7,3
106,4000	7,3
106,6000	7,3
106,8000	7,3
107,0000	7,2
107,2000	7,2
107,4000	7,2
107,6000	7,2
107,8000	7,1
108,0000	7,1
108,2000	7,1
108,4000	7,1
108,6000	7,0
108,8000	7,0
109,0000	7,0
109,2000	7,0
109,4000	6,9
109,6000	6,9
109,8000	6,9
110,0000	6,9
110,2000	6,8
110,4000	6,8
110,6000	6,8
110,8000	6,8
111,0000	6,7
111,2000	6,7
111,4000	6,7
111,6000	6,7
111,8000	6,6
112,0000	6,6
112,2000	6,6
112,4000	6,6
112,6000	6,5
112,8000	6,5
113,0000	6,5
113,2000	6,5
113,4000	6,4
113,6000	6,4
113,8000	6,4
114,0000	6,4
114,2000	6,3
114,4000	6,3
114,6000	6,3
114,8000	6,3
115,0000	6,2
115,2000	6,2
115,4000	6,2
115,6000	6,2
115,8000	6,1
116,0000	6,1
116,2000	6,1
116,4000	6,1
116,6000	6,0
116,8000	6,0
117,0000	6,0
117,2000	6,0
117,4000	5,9
117,6000	5,9
117,8000	5,9
118,0000	5,8
118,2000	5,8
118,4000	5,8
118,6000	5,8
118,8000	5,7
119,0000	5,7
119,2000	5,7
119,4000	5,7
119,6000	5,7
119,8000	5,6
120,0000	5,6
120,2000	5,6
120,4000	5,6
120,6000	5,5
120,8000	5,5
121,0000	5,5
121,2000	5,5
121,4000	5,4
121,6000	5,4
121,8000	5,4
122,0000	5,4
122,2000	5,3
122,4000	5,3
122,6000	5,3
122,8000	5,3
123,0000	5,2
123,2000	5,2
123,4000	5,2
123,6000	5,2
123,8000	5,1
124,0000	5,1
124,2000	5,1
124,4000	5,1
124,6000	5,1
124,8000	5,0
125,0000	5,0
125,2000	5,0
125,4000	5,0
125,6000	4,9
125,8000	4,9
126,0000	4,9
126,2000	4,9
126,4000	4,8
126,6000	4,8
126,8000	4,8
127,0000	4,8
127,2000	4,7
127,4000	4,7
127,6000	4,7
127,8000	4,7
128,0000	4,7
128,2000	4,6
128,4000	4,6
128,6000	4,6
128,8000	4,6
129,0000	4,5
129,2000	4,5
129,4000	4,5
129,6000	4,5
129,8000	4,4
130,0000	4,4
130,2000	4,4
130,4000	4,4
130,6000	4,4
130,8000	4,3
131,0000	4,3
131,2000	4,3
131,4000	4,3
131,6000	4,2
131,8000	4,2
132,0000	4,2
132,2000	4,2
132,4000	4,1
132,6000	4,1
132,8000	4,1
133,0000	4,1
133,2000	4,1
133,4000	4,0
133,6000	4,0
133,8000	4,0
134,0000	4,0
134,2000	3,9
134,4000	3,9
134,6000	3,9
134,8000	3,9
135,0000	3,9
135,2000	3,8
135,4000	3,8
135,6000	3,8
135,8000	3,8
136,0000	3,8
136,2000	3,7
136,4000	3,7
136,6000	3,7
136,8000	3,7
137,0000	3,6
137,2000	3,6
137,4000	3,6
137,6000	3,6
137,8000	3,6
138,0000	3,5
138,2000	3,5
138,4000	3,5
138,6000	3,5
138,8000	3,4
139,0000	3,4
139,2000	3,4
139,4000	3,4
139,6000	3,4
139,8000	3,3
140,0000	3,3
140,2000	3,3
140,4000	3,3
140,6000	3,2
140,8000	3,2
141,0000	3,2
141,2000	3,2
141,4000	3,2
141,6000	3,1
141,8000	3,1
142,0000	3,1
142,2000	3,1
142,4000	3,0
142,6000	3,0
142,8000	3,0
143,0000	3,0
143,2000	3,0
143,4000	2,9
143,6000	2,9
143,8000	2,9
144,0000	2,9
144,2000	2,8
144,4000	2,8
144,6000	2,8
144,8000	2,8
145,0000	2,8
145,2000	2,7
145,4000	2,7
145,6000	2,7
145,8000	2,7
146,0000	2,6
146,2000	2,6
146,4000	2,6
146,6000	2,6
146,8000	2,5
147,0000	2,5
147,2000	2,5
147,4000	2,5
147,6000	2,5
147,8000	2,4
148,0000	2,4
148,2000	2,4
148,4000	2,4
148,6000	2,3
148,8000	2,3
149,0000	2,3
149,2000	2,3
149,4000	2,3
149,6000	2,2
149,8000	2,2
150,0000	2,2
150,2000	2,2
150,4000	2,1
150,6000	2,1
150,8000	2,1
151,0000	2,1
151,2000	2,1
151,4000	2,0
151,6000	2,0
151,8000	2,0
152,0000	2,0
152,2000	1,9
152,4000	1,9
152,6000	1,9
152,8000	1,9
153,0000	1,9
153,2000	1,8
153,4000	1,8
153,6000	1,8
153,8000	1,8
154,0000	1,7
154,2000	1,7
154,4000	1,7
154,6000	1,7
154,8000	1,7
155,0000	1,6
155,2000	1,6
155,4000	1,6
155,6000	1,6
155,8000	1,6
156,0000	1,5
156,2000	1,5
156,4000	1,5
156,6000	1,5
156,8000	1,4
157,0000	1,4
157,2000	1,4
157,4000	1,4
157,6000	1,3
157,8000	1,3
158,0000	1,3
158,2000	1,3
158,4000	1,3
158,6000	1,2
158,8000	1,2
159,0000	1,2
159,2000	1,2
159,4000	1,1
159,6000	1,1
159,8000	1,1
160,0000	1,1
160,2000	1,1
160,4000	1,0
160,6000	1,0
160,8000	1,0
161,0000	1,0
161,2000	0,9
161,4000	0,9
161,6000	0,9
161,8000	0,9
162,0000	0,9
162,2000	0,8
162,4000	0,8
162,6000	0,8
162,8000	0,8
163,0000	0,7
163,2000	0,7
163,4000	0,7
163,6000	0,7
163,8000	0,7
164,0000	0,6
164,2000	0,6
164,4000	0,6
164,6000	0,6
164,8000	0,5
165,0000	0,5
165,2000	0,5
165,4000	0,5
165,6000	0,4
165,8000	0,4
166,0000	0,4
166,2000	0,4
166,4000	0,4
166,6000	0,3
166,8000	0,3
167,0000	0,3
167,2000	0,3
167,4000	0,2
167,6000	0,2
167,8000	0,2
168,0000	0,2
168,2000	0,1
168,4000	0,1
168,6000	0,1
168,8000	0,1
169,0000	0,1
169,2000	0,0
169,4000	0,0
169,6000	0,0
169,8000	0,0
170,0000	-0,1
170,2000	-0,1
170,4000	-0,1
170,6000	-0,1
170,8000	-0,1
171,0000	-0,2
171,2000	-0,2
171,4000	-0,2
171,6000	-0,2
171,8000	-0,3
172,0000	-0,3
172,2000	-0,3
172,4000	-0,3
172,6000	-0,3
172,8000	-0,4
173,0000	-0,4
173,2000	-0,4
173,4000	-0,4
173,6000	-0,5
173,8000	-0,5
174,0000	-0,5
174,2000	-0,5
174,4000	-0,6
174,6000	-0,6
174,8000	-0,6
175,0000	-0,6
175,2000	-0,6
175,4000	-0,7
175,6000	-0,7
175,8000	-0,7
176,0000	-0,7
176,2000	-0,8
176,4000	-0,8
176,6000	-0,8
176,8000	-0,8
177,0000	-0,9
177,2000	-0,9
177,4000	-0,9
177,6000	-0,9
177,8000	-0,9
178,0000	-1,0
178,2000	-1,0
178,4000	-1,0
178,6000	-1,0
178,8000	-1,1
179,0000	-1,1
179,2000	-1,1
179,4000	-1,1
179,6000	-1,1
179,8000	-1,2
180,0000	-1,2
180,2000	-1,2
180,4000	-1,2
180,6000	-1,3
180,8000	-1,3
181,0000	-1,3
181,2000	-1,3
181,4000	-1,3
181,6000	-1,4
181,8000	-1,4
182,0000	-1,4
182,2000	-1,4
182,4000	-1,4
182,6000	-1,5
182,8000	-1,5
183,0000	-1,5
183,2000	-1,5
183,4000	-1,6
183,6000	-1,6
183,8000	-1,6
184,0000	-1,6
184,2000	-1,6
184,4000	-1,7
184,6000	-1,7
184,8000	-1,7
185,0000	-1,7
185,2000	-1,7
185,4000	-1,8
185,6000	-1,8
185,8000	-1,8
186,0000	-1,8
186,2000	-1,9
186,4000	-1,9
186,6000	-1,9
186,8000	-1,9
187,0000	-1,9
187,2000	-2,0
187,4000	-2,0
187,6000	-2,0
187,8000	-2,0
188,0000	-2,0
188,2000	-2,1
188,4000	-2,1
188,6000	-2,1
188,8000	-2,1
189,0000	-2,2
189,2000	-2,2
189,4000	-2,2
189,6000	-2,2
189,8000	-2,2
190,0000	-2,3
190,2000	-2,3
190,4000	-2,3
190,6000	-2,3
190,8000	-2,3
191,0000	-2,4
191,2000	-2,4
191,4000	-2,4
191,6000	-2,4
191,8000	-2,5
192,0000	-2,5
192,2000	-2,5
192,4000	-2,5
192,6000	-2,5
192,8000	-2,6
193,0000	-2,6
193,2000	-2,6
193,4000	-2,6
193,6000	-2,6
193,8000	-2,7
194,0000	-2,7
194,2000	-2,7
194,4000	-2,7
194,6000	-2,8
194,8000	-2,8
195,0000	-2,8
195,2000	-2,8
195,4000	-2,8
195,6000	-2,9
195,8000	-2,9
196,0000	-2,9
196,2000	-2,9
196,4000	-2,9
196,6000	-3,0
196,8000	-3,0
197,0000	-3,0
197,2000	-3,0
197,4000	-3,0
197,6000	-3,1
197,8000	-3,1
198,0000	-3,1
198,2000	-3,1
198,4000	-3,2
198,6000	-3,2
198,8000	-3,2
199,0000	-3,2
199,2000	-3,2
199,4000	-3,3
199,6000	-3,3
199,8000	-3,3
200,0000	-3,3
200,2000	-3,3
200,4000	-3,4
200,6000	-3,4
200,8000	-3,4
201,0000	-3,4
201,2000	-3,4
201,4000	-3,5
201,6000	-3,5
201,8000	-3,5
202,0000	-3,5
202,2000	-3,5
202,4000	-3,6
202,6000	-3,6
202,8000	-3,6
203,0000	-3,6
203,2000	-3,6
203,4000	-3,7
203,6000	-3,7
203,8000	-3,7
204,0000	-3,7
204,2000	-3,7
204,4000	-3,8
204,6000	-3,8
204,8000	-3,8
205,0000	-3,8
205,2000	-3,8
205,4000	-3,9
205,6000	-3,9
205,8000	-3,9
206,0000	-3,9
206,2000	-3,9
206,4000	-4,0
206,6000	-4,0
206,8000	-4,0
207,0000	-4,0
207,2000	-4,0
207,4000	-4,1
207,6000	-4,1
207,8000	-4,1
208,0000	-4,1
208,2000	-4,1
208,4000	-4,2
208,6000	-4,2
208,8000	-4,2
209,0000	-4,2
209,2000	-4,2
209,4000	-4,3
209,6000	-4,3
209,8000	-4,3
210,0000	-4,3
210,2000	-4,3
210,4000	-4,4
210,6000	-4,4
210,8000	-4,4
211,0000	-4,4
211,2000	-4,4
211,4000	-4,5
211,6000	-4,5
211,8000	-4,5
212,0000	-4,5
212,2000	-4,5
212,4000	-4,5
212,6000	-4,6
212,8000	-4,6
213,0000	-4,6
213,2000	-4,6
213,4000	-4,6
213,6000	-4,7
213,8000	-4,7
214,0000	-4,7
214,2000	-4,7
214,4000	-4,7
214,6000	-4,8
214,8000	-4,8
215,0000	-4,8
215,2000	-4,8
215,4000	-4,8
215,6000	-4,9
215,8000	-4,9
216,0000	-4,9
216,2000	-4,9
216,4000	-4,9
216,6000	-4,9
216,8000	-5,0
217,0000	-5,0
217,2000	-5,0
217,4000	-5,0
217,6000	-5,0
217,8000	-5,1
218,0000	-5,1
218,2000	-5,1
218,4000	-5,1
218,6000	-5,1
218,8000	-5,2
219,0000	-5,2
219,2000	-5,2
219,4000	-5,2
219,6000	-5,2
219,8000	-5,3
220,0000	-5,3
220,2000	-5,3
220,4000	-5,3
220,6000	-5,3
220,8000	-5,4
221,0000	-5,4
221,2000	-5,4
221,4000	-5,4
221,6000	-5,4
221,8000	-5,4
222,0000	-5,5
222,2000	-5,5
222,4000	-5,2
222,6000	-4,5
222,8000	-4,0
223,0000	-3,5
223,2000	-3,1
223,4000	-2,7
223,6000	-2,3
223,8000	-2,0
224,0000	-1,8
224,2000	-1,6
224,4000	-1,3
224,6000	-1,2
224,8000	-1,0
225,0000	-0,9
225,2000	-0,7
225,4000	-0,6
225,6000	-0,5
225,8000	-0,4
226,0000	-0,3
226,2000	-0,3
226,4000	-0,2
226,6000	-0,2
226,8000	-0,1
227,0000	-0,1
227,2000	0,0
227,4000	0,0
227,6000	0,0
227,8000	0,1
228,0000	0,1
228,2000	0,1
228,4000	0,1
228,6000	0,2
228,8000	0,2
229,0000	0,2
229,2000	0,2
229,4000	0,2
229,6000	0,2
229,8000	0,2
230,0000	0,3
230,2000	0,3
230,4000	0,3
230,6000	0,3
230,8000	0,3
231,0000	0,3
231,2000	0,3
231,4000	0,3
231,6000	0,3
231,8000	0,3
232,0000	0,3
232,2000	0,3
232,4000	0,3
232,6000	0,3
232,8000	0,3
233,0000	0,3
233,2000	0,3
233,4000	0,3
233,6000	0,3
233,8000	0,3
234,0000	0,3
234,2000	0,3
234,4000	0,3
234,6000	0,3
234,8000	0,3
235,0000	0,3
235,2000	0,3
235,4000	0,3
235,6000	0,3
235,8000	0,3
236,0000	0,3
236,2000	0,3
236,4000	0,3
236,6000	0,3
236,8000	0,3
237,0000	0,3
237,2000	0,4
237,4000	0,4
237,6000	0,4
237,8000	0,4
238,0000	0,4
238,2000	0,4
238,4000	0,4
238,6000	0,4
238,8000	0,4
239,0000	0,4
239,2000	0,4
239,4000	0,4
239,6000	0,4
239,8000	0,4
240,0000	0,4
240,2000	0,4
240,4000	0,4
240,6000	0,4
240,8000	0,4
241,0000	0,4
241,2000	0,4
241,4000	0,4
241,6000	0,4
241,8000	0,4
242,0000	0,4
242,2000	0,4
242,4000	0,4
242,6000	0,4
242,8000	0,4
243,0000	0,4
243,2000	0,4
243,4000	0,4
243,6000	0,4
243,8000	0,4
244,0000	0,4
244,2000	0,4
244,4000	0,4
244,6000	0,4
244,8000	0,4
245,0000	0,4
245,2000	0,4
245,4000	0,4
245,6000	0,4
245,8000	0,4
246,0000	0,4
246,2000	0,4
246,4000	0,4
246,6000	0,4
246,8000	0,4
247,0000	0,4
247,2000	0,4
247,4000	0,4
247,6000	0,4
247,8000	0,4
248,0000	0,4
248,2000	0,4
248,4000	0,4
248,6000	0,4
248,8000	0,4
249,0000	0,4
249,2000	0,4
249,4000	0,4
249,6000	0,4
249,8000	0,4
250,0000	0,4
250,2000	0,4
250,4000	0,4
250,6000	0,4
250,8000	0,4
251,0000	0,4
251,2000	0,4
251,4000	0,4
251,6000	0,4
251,8000	0,4
252,0000	0,4
252,2000	0,4
252,4000	0,4
252,6000	0,4
252,8000	0,4
253,0000	0,4
253,2000	0,4
253,4000	0,4
253,6000	0,4
253,8000	0,4
254,0000	0,4
254,2000	0,4
254,4000	0,4
254,6000	0,4
254,8000	0,4
255,0000	0,4
255,2000	0,4
255,4000	0,4
255,6000	0,4
255,8000	0,4
256,0000	0,4
256,2000	0,4
256,4000	0,4
256,6000	0,4
256,8000	0,4
257,0000	0,4
257,2000	0,4
257,4000	0,4
257,6000	0,4
257,8000	0,4
258,0000	0,4
258,2000	0,4
258,4000	0,4
258,6000	0,4
258,8000	0,4
259,0000	0,4
259,2000	0,4
259,4000	0,4
259,6000	0,4
259,8000	0,4
260,0000	0,4
260,2000	0,4
260,4000	0,4
260,6000	0,4
260,8000	0,4
261,0000	0,4
261,2000	0,4
261,4000	0,4
261,6000	0,4
261,8000	0,4
262,0000	0,4
262,2000	0,4
262,4000	0,4
262,6000	0,4
262,8000	0,4
263,0000	0,4
263,2000	0,4
263,4000	0,4
263,6000	0,4
263,8000	0,4
264,0000	0,4
264,2000	0,4
264,4000	0,4
264,6000	0,4
264,8000	0,4
265,0000	0,4
265,2000	0,4
265,4000	0,4
265,6000	0,4
265,8000	0,4
266,0000	0,4
266,2000	0,4
266,4000	0,4
266,6000	0,4
266,8000	0,4
267,0000	0,4
267,2000	0,4
267,4000	0,4
267,6000	0,4
267,8000	0,4
268,0000	0,4
268,2000	0,4
268,4000	0,4
268,6000	0,4
268,8000	0,4
269,0000	0,4
269,2000	0,4
269,4000	0,4
269,6000	0,4
269,8000	0,4
270,0000	0,4
270,2000	0,4
270,4000	0,4
270,6000	0,4
270,8000	0,4
271,0000	0,4
271,2000	0,4
271,4000	0,4
271,6000	0,4
271,8000	0,4
272,0000	0,4
272,2000	0,4
272,4000	0,4
272,6000	0,4
272,8000	0,4
273,0000	0,4
273,2000	0,4
273,4000	0,4
273,6000	0,4
273,8000	0,4
274,0000	0,4
274,2000	0,4
274,4000	0,4
274,6000	0,4
274,8000	0,4
275,0000	0,4
275,2000	0,4
275,4000	0,4
275,6000	0,4
275,8000	0,4
276,0000	0,4
276,2000	0,4
276,4000	0,4
276,6000	0,4
276,8000	0,4
277,0000	0,4
277,2000	0,4
277,4000	0,4
277,6000	0,4
277,8000	0,4
278,0000	0,4
278,2000	0,4
278,4000	0,4
278,6000	0,4
278,8000	0,4
279,0000	0,4
279,2000	0,4
279,4000	0,4
279,6000	0,4
279,8000	0,4
280,0000	0,4
280,2000	0,4
280,4000	0,4
280,6000	0,4
280,8000	0,4
281,0000	0,4
281,2000	0,4
281,4000	0,4
281,6000	0,4
281,8000	0,4
282,0000	0,4
282,2000	0,4
282,4000	0,4
282,6000	0,4
282,8000	0,4
283,0000	0,4
283,2000	0,4
283,4000	0,4
283,6000	0,4
283,8000	0,4
284,0000	0,4
284,2000	0,4
284,4000	0,4
284,6000	0,4
284,8000	0,4
285,0000	0,4
285,2000	0,4
285,4000	0,4
285,6000	0,4
285,8000	0,4
286,0000	0,4
286,2000	0,4
286,4000	0,4
286,6000	0,4
286,8000	0,4
287,0000	0,4
287,2000	0,4
287,4000	0,4
287,6000	0,4
287,8000	0,4
288,0000	0,4
288,2000	0,4
288,4000	0,4
288,6000	0,4
288,8000	0,4
289,0000	0,4
289,2000	0,4
289,4000	0,4
289,6000	0,4
289,8000	0,4
290,0000	0,4
290,2000	0,4
290,4000	0,4
290,6000	0,4
290,8000	0,4
291,0000	0,4
291,2000	0,4
291,4000	0,4
291,6000	0,4
291,8000	0,4
292,0000	0,4
292,2000	0,4
292,4000	0,4
292,6000	0,4
292,8000	0,4
293,0000	0,4
293,2000	0,4
293,4000	0,4
293,6000	0,4
293,8000	0,4
294,0000	0,4
294,2000	0,4
294,4000	0,4
294,6000	0,4
294,8000	0,4
295,0000	0,4
295,2000	0,4
295,4000	0,4
295,6000	0,4
295,8000	0,4
296,0000	0,4
296,2000	0,4
296,4000	0,4
296,6000	0,4
296,8000	0,4
297,0000	0,4
297,2000	0,4
297,4000	0,4
297,6000	0,4
297,8000	0,4
298,0000	0,4
298,2000	0,4
298,4000	0,4
298,6000	0,4
298,8000	0,4
299,0000	0,4
299,2000	0,4
299,4000	0,4
299,6000	0,4
299,8000	0,4
300,0000	0,4
300,2000	0,4
300,4000	0,4
300,6000	0,4
300,8000	0,4
301,0000	0,4
301,2000	0,4
301,4000	0,4
301,6000	0,4
301,8000	0,4
302,0000	0,4
302,2000	0,4
302,4000	0,4
302,6000	0,4
302,8000	0,4
303,0000	0,4
303,2000	0,4
303,4000	0,4
303,6000	0,4
303,8000	0,4
304,0000	0,4
304,2000	0,4
304,4000	0,4
304,6000	0,4
304,8000	0,4
305,0000	0,4
305,2000	0,4
305,4000	0,4
305,6000	0,4
305,8000	0,4
306,0000	0,4
306,2000	0,4
306,4000	0,4
306,6000	0,4
306,8000	0,4
307,0000	0,4
307,2000	0,4
307,4000	0,4
307,6000	0,4
307,8000	0,4
308,0000	0,4
308,2000	0,4
308,4000	0,4
308,6000	0,4
308,8000	0,4
309,0000	0,4
309,2000	0,4
309,4000	0,4
309,6000	0,4
309,8000	0,4
310,0000	0,4
310,2000	0,4
310,4000	0,4
310,6000	0,4
310,8000	0,4
311,0000	0,4
311,2000	0,4
311,4000	0,4
311,6000	0,4
311,8000	0,4
312,0000	0,4
312,2000	0,4
312,4000	0,4
312,6000	0,4
312,8000	0,4
313,0000	0,4
313,2000	0,4
313,4000	0,4
313,6000	0,4
313,8000	0,4
314,0000	0,4
314,2000	0,4
314,4000	0,4
314,6000	0,4
314,8000	0,4
315,0000	0,4
315,2000	0,4
315,4000	0,4
315,6000	0,4
315,8000	0,4
316,0000	0,4
316,2000	0,4
316,4000	0,4
316,6000	0,4
316,8000	0,4
317,0000	0,4
317,2000	0,4
317,4000	0,4
317,6000	0,4
317,8000	0,4
318,0000	0,4
318,2000	0,4
318,4000	0,4
318,6000	0,4
318,8000	0,4
319,0000	0,4
319,2000	0,4
319,4000	0,4
319,6000	0,4
319,8000	0,4
320,0000	0,4
320,2000	0,4
320,4000	0,4
320,6000	0,4
320,8000	0,4
321,0000	0,4
321,2000	0,4
321,4000	0,4
321,6000	0,4
321,8000	0,4
322,0000	0,4
322,2000	0,4
322,4000	0,4
322,6000	0,4
322,8000	0,4
323,0000	0,4
323,2000	0,4
323,4000	0,4
323,6000	0,4
323,8000	0,4
324,0000	0,4
324,2000	0,4
324,4000	0,4
324,6000	0,4
324,8000	0,4
325,0000	0,4
325,2000	0,4
325,4000	0,4
325,6000	0,4
325,8000	0,4
326,0000	0,4
326,2000	0,4
326,4000	0,4
326,6000	0,4
326,8000	0,4
327,0000	0,4
327,2000	0,4
327,4000	0,4
327,6000	0,4
327,8000	0,4
328,0000	0,4
328,2000	0,4
328,4000	0,4
328,6000	0,4
328,8000	0,4
329,0000	0,4
329,2000	0,4
329,4000	0,4
329,6000	0,4
329,8000	0,4
330,0000	0,4
330,2000	0,4
330,4000	0,4
330,6000	0,4
330,8000	0,4
331,0000	0,4
331,2000	0,4
331,4000	0,4
331,6000	0,4
331,8000	0,4
332,0000	0,4
332,2000	0,4
332,4000	0,4
332,6000	0,4
332,8000	0,4
333,0000	0,4
333,2000	0,4
333,4000	0,4
333,6000	0,4
333,8000	0,4
334,0000	0,4
334,2000	0,4
334,4000	0,4
334,6000	0,4
334,8000	0,4
335,0000	0,4
335,2000	0,4
335,4000	0,4
335,6000	0,4
335,8000	0,4
336,0000	0,4
336,2000	0,4
336,4000	0,4
336,6000	0,4
336,8000	0,4
337,0000	0,4
337,2000	0,4
337,4000	0,4
337,6000	0,4
337,8000	0,4
338,0000	0,4
338,2000	0,4
338,4000	0,4
338,6000	0,4
338,8000	0,4
339,0000	0,4
339,2000	0,4
339,4000	0,4
339,6000	0,4
339,8000	0,4
340,0000	0,4
340,2000	0,4
340,4000	0,4
340,6000	0,4
340,8000	0,4
341,0000	0,4
341,2000	0,4
341,4000	0,4
341,6000	0,4
341,8000	0,4
342,0000	0,4
342,2000	0,4
342,4000	0,4
342,6000	0,4
342,8000	0,4
343,0000	0,4
343,2000	0,4
343,4000	0,4
343,6000	0,4
343,8000	0,4
344,0000	0,4
344,2000	0,4
344,4000	0,4
344,6000	0,4
344,8000	0,4
345,0000	0,4
345,2000	0,4
345,4000	0,4
345,6000	0,4
345,8000	0,4
346,0000	0,4
346,2000	0,4
346,4000	0,4
346,6000	0,4
346,8000	0,4
347,0000	0,4
347,2000	0,4
347,4000	0,4
347,6000	0,4
347,8000	0,4
348,0000	0,4
348,2000	0,4
348,4000	0,4
348,6000	0,4
348,8000	0,4
349,0000	0,4
349,2000	0,4
349,4000	0,4
349,6000	0,4
349,8000	0,4
350,0000	0,4
350,2000	0,4
350,4000	0,4
350,6000	0,4
350,8000	0,4
351,0000	0,4
351,2000	0,4
351,4000	0,4
351,6000	0,4
351,8000	0,4
352,0000	0,4
352,2000	0,4
352,4000	0,4
352,6000	0,4
352,8000	0,4
353,0000	0,4
353,2000	0,4
353,4000	0,4
353,6000	0,4
353,8000	0,4
354,0000	0,4
354,2000	0,4
354,4000	0,4
354,6000	0,4
354,8000	0,4
355,0000	0,4
355,2000	0,4
355,4000	0,4
355,6000	0,4
355,8000	0,4
356,0000	0,4
356,2000	0,4
356,4000	0,4
356,6000	0,4
356,8000	0,4
357,0000	0,4
357,2000	0,4
357,4000	0,4
357,6000	0,4
357,8000	0,4
358,0000	0,4
358,2000	0,4
358,4000	0,4
358,6000	0,4
358,8000	0,4
359,0000	0,4
359,2000	0,4
359,4000	0,4
359,6000	0,4
359,8000	0,4
360,0000	0,4
360,2000	0,4
360,4000	0,4
360,6000	0,4
360,8000	0,4
361,0000	0,4
361,2000	0,4
361,4000	0,4
361,6000	0,4
361,8000	0,4
362,0000	0,4
362,2000	0,4
362,4000	0,4
362,6000	0,4
362,8000	0,4
363,0000	0,4
363,2000	0,4
363,4000	0,4
363,6000	0,4
363,8000	0,4
364,0000	0,4
364,2000	0,4
364,4000	0,4
364,6000	0,4
364,8000	0,4
365,0000	0,4
365,2000	0,4
365,4000	0,4
365,6000	0,4
365,8000	0,4
366,0000	0,4
366,2000	0,4
366,4000	0,4
366,6000	0,4
366,8000	0,4
367,0000	0,4
367,2000	0,4
367,4000	0,4
367,6000	0,4
367,8000	0,4
368,0000	0,4
368,2000	0,4
368,4000	0,4
368,6000	0,4
368,8000	0,4
369,0000	0,4
369,2000	0,4
369,4000	0,4
369,6000	0,4
369,8000	0,4
370,0000	0,4
370,2000	0,4
370,4000	0,4
370,6000	0,4
370,8000	0,4
371,0000	0,4
371,2000	0,4
371,4000	0,4
371,6000	0,4
371,8000	0,4
372,0000	0,4
372,2000	0,4
372,4000	0,4
372,6000	0,4
372,8000	0,4
373,0000	0,4
373,2000	0,4
373,4000	0,4
373,6000	0,4
373,8000	0,4
374,0000	0,4
374,2000	0,4
374,4000	0,4
374,6000	0,4
374,8000	0,4
375,0000	0,4
375,2000	0,4
375,4000	0,4
375,6000	0,4
375,8000	0,4
376,0000	0,4
376,2000	0,4
376,4000	0,4
376,6000	0,4
376,8000	0,4
377,0000	0,4
377,2000	0,4
377,4000	0,4
377,6000	0,4
377,8000	0,4
378,0000	0,4
378,2000	0,4
378,4000	0,4
378,6000	0,4
378,8000	0,4
379,0000	0,4
379,2000	0,4
379,4000	0,4
379,6000	0,4
379,8000	0,4
380,0000	0,4
380,2000	0,4
380,4000	0,4
380,6000	0,4
380,8000	0,4
381,0000	0,4
381,2000	0,4
381,4000	0,4
381,6000	0,4
381,8000	0,4
382,0000	0,4
382,2000	0,4
382,4000	0,4
382,6000	0,4
382,8000	0,4
383,0000	0,4
383,2000	0,4
383,4000	0,4
383,6000	0,4
383,8000	0,4
384,0000	0,4
384,2000	0,4
384,4000	0,4
384,6000	0,4
384,8000	0,4
385,0000	0,4
385,2000	0,4
385,4000	0,4
385,6000	0,3
385,8000	0,3
386,0000	0,3
386,2000	0,3
386,4000	0,3
386,6000	0,3
386,8000	0,3
387,0000	0,3
387,2000	0,3
387,4000	0,3
387,6000	0,3
387,8000	0,3
388,0000	0,3
388,2000	0,3
388,4000	0,3
388,6000	0,3
388,8000	0,3
389,0000	0,3
389,2000	0,3
389,4000	0,3
389,6000	0,3
389,8000	0,3
390,0000	0,3
390,2000	0,3
390,4000	0,3
390,6000	0,3
390,8000	0,3
391,0000	0,3
391,2000	0,3
391,4000	0,3
391,6000	0,3
391,8000	0,3
392,0000	0,3
392,2000	0,3
392,4000	0,3
392,6000	0,3
392,8000	0,3
393,0000	0,3
393,2000	0,3
393,4000	0,3
393,6000	0,3
393,8000	0,3
394,0000	0,3
394,2000	0,3
394,4000	0,3
394,6000	0,3
394,8000	0,3
395,0000	0,3
395,2000	0,3
395,4000	0,3
395,6000	0,3
395,8000	0,3
396,0000	0,3
396,2000	0,3
396,4000	0,3
396,6000	0,3
396,8000	0,3
397,0000	0,3
397,2000	0,3
397,4000	0,3
397,6000	0,3
397,8000	0,3
398,0000	0,3
398,2000	0,3
398,4000	0,3
398,6000	0,3
398,8000	0,3
399,0000	0,3
399,2000	0,3
399,4000	0,3
399,6000	0,3
399,8000	0,3
400,0000	0,3
400,2000	0,3
400,4000	0,3
400,6000	0,3
400,8000	0,3
401,0000	0,2
401,2000	0,2
401,4000	0,2
401,6000	0,2
401,8000	0,2
402,0000	0,2
402,2000	0,2
402,4000	0,2
402,6000	0,2
402,8000	0,2
403,0000	0,2
403,2000	0,2
403,4000	0,2
403,6000	0,2
403,8000	0,2
404,0000	0,2
404,2000	0,2
404,4000	0,2
404,6000	0,2
404,8000	0,2
405,0000	0,2
405,2000	0,2
405,4000	0,2
405,6000	0,2
405,8000	0,2
406,0000	0,2
406,2000	0,2
406,4000	0,2
406,6000	0,2
406,8000	0,2
407,0000	0,2
407,2000	0,2
407,4000	0,2
407,6000	0,2
407,8000	0,2
408,0000	0,2
408,2000	0,2
408,4000	0,2
408,6000	0,2
408,8000	0,2
409,0000	0,2
409,2000	0,1
409,4000	0,1
409,6000	0,1
409,8000	0,1
410,0000	0,1
410,2000	0,1
410,4000	0,1
410,6000	0,1
410,8000	0,1
411,0000	0,1
411,2000	0,1
411,4000	0,1
411,6000	0,1
411,8000	0,1
412,0000	0,1
412,2000	0,1
412,4000	0,1
412,6000	0,1
412,8000	0,1
413,0000	0,1
413,2000	0,1
413,4000	0,1
413,6000	0,1
413,8000	0,1
414,0000	0,1
414,2000	0,1
414,4000	0,1
414,6000	0,1
414,8000	0,1
415,0000	0,1
415,2000	0,0
415,4000	0,0
415,6000	0,0
415,8000	0,0
416,0000	0,0
416,2000	0,0
416,4000	0,0
416,6000	0,0
416,8000	0,0
417,0000	0,0
417,2000	0,0
417,4000	0,0
417,6000	0,0
417,8000	0,0
418,0000	0,0
418,2000	0,0
418,4000	0,0
418,6000	0,0
418,8000	0,0
419,0000	0,0
419,2000	0,0
419,4000	0,0
419,6000	0,0
419,8000	0,0
420,0000	0,0
420,2000	0,0
420,4000	0,0
420,6000	-0,1
420,8000	-0,1
421,0000	-0,1
421,2000	-0,1
421,4000	-0,1
421,6000	-0,1
421,8000	-0,1
422,0000	-0,1
422,2000	-0,1
422,4000	-0,1
422,6000	-0,1
422,8000	-0,1
423,0000	-0,1
423,2000	-0,1
423,4000	-0,1
423,6000	-0,1
423,8000	-0,1
424,0000	-0,1
424,2000	-0,1
424,4000	-0,1
424,6000	-0,1
424,8000	-0,1
425,0000	-0,1
425,2000	-0,2
425,4000	-0,2
425,6000	-0,2
425,8000	-0,2
426,0000	-0,2
426,2000	-0,2
426,4000	-0,2
426,6000	-0,2
426,8000	-0,2
427,0000	-0,2
427,2000	-0,2
427,4000	-0,2
427,6000	-0,2
427,8000	-0,2
428,0000	-0,2
428,2000	-0,2
428,4000	-0,2
428,6000	-0,2
428,8000	-0,2
429,0000	-0,2
429,2000	-0,2
429,4000	-0,3
429,6000	-0,3
429,8000	-0,3
430,0000	-0,3
430,2000	-0,3
430,4000	-0,3
430,6000	-0,3
430,8000	-0,3
431,0000	-0,3
431,2000	-0,3
431,4000	-0,3
431,6000	-0,3
431,8000	-0,3
432,0000	-0,3
432,2000	-0,3
432,4000	-0,3
432,6000	-0,3
432,8000	-0,3
433,0000	-0,4
433,2000	-0,4
433,4000	-0,4
433,6000	-0,4
433,8000	-0,4
434,0000	-0,4
434,2000	-0,4
434,4000	-0,4
434,6000	-0,4
434,8000	-0,4
435,0000	-0,4
435,2000	-0,4
435,4000	-0,4
435,6000	-0,4
435,8000	-0,4
436,0000	-0,4
436,2000	-0,4
436,4000	-0,4
436,6000	-0,4
436,8000	-0,5
437,0000	-0,5
437,2000	-0,5
437,4000	-0,5
437,6000	-0,5
437,8000	-0,5
438,0000	-0,5
438,2000	-0,5
438,4000	-0,5
438,6000	-0,5
438,8000	-0,5
439,0000	-0,5
439,2000	-0,5
439,4000	-0,5
439,6000	-0,5
439,8000	-0,5
440,0000	-0,5
440,2000	-0,6
440,4000	-0,6
440,6000	-0,6
440,8000	-0,6
441,0000	-0,6
441,2000	-0,6
441,4000	-0,6
441,6000	-0,6
441,8000	-0,6
442,0000	-0,6
442,2000	-0,6
442,4000	-0,6
442,6000	-0,6
442,8000	-0,6
443,0000	-0,6
443,2000	-0,6
443,4000	-0,7
443,6000	-0,7
443,8000	-0,7
444,0000	-0,7
444,2000	-0,7
444,4000	-0,7
444,6000	-0,7
444,8000	-0,7
445,0000	-0,7
445,2000	-0,7
445,4000	-0,7
445,6000	-0,7
445,8000	-0,7
446,0000	-0,7
446,2000	-0,7
446,4000	-0,8
446,6000	-0,8
446,8000	-0,8
447,0000	-0,8
447,2000	-0,8
447,4000	-0,8
447,6000	-0,8
447,8000	-0,8
448,0000	-0,8
448,2000	-0,8
448,4000	-0,8
448,6000	-0,8
448,8000	-0,8
449,0000	-0,9
449,2000	-0,9
449,4000	-0,9
449,6000	-0,9
449,8000	-0,9
450,0000	-0,9
450,2000	-0,9
450,4000	-0,9
450,6000	-0,9
450,8000	-0,9
451,0000	-0,9
451,2000	-0,9
451,4000	-0,9
451,6000	-0,9
451,8000	-0,9
452,0000	-1,0
452,2000	-1,0
452,4000	-1,0
452,6000	-1,0
452,8000	-1,0
453,0000	-1,0
453,2000	-1,0
453,4000	-1,0
453,6000	-1,0
453,8000	-1,0
454,0000	-1,0
454,2000	-1,0
454,4000	-1,0
454,6000	-1,0
454,8000	-1,1
455,0000	-1,1
455,2000	-1,1
455,4000	-1,1
455,6000	-1,1
455,8000	-1,1
456,0000	-1,1
456,2000	-1,1
456,4000	-1,1
456,6000	-1,1
456,8000	-1,1
457,0000	-1,1
457,2000	-1,2
457,4000	-1,2
457,6000	-1,2
457,8000	-1,2
458,0000	-1,2
458,2000	-1,2
458,4000	-1,2
458,6000	-1,2
458,8000	-1,2
459,0000	-1,2
459,2000	-1,2
459,4000	-1,2
459,6000	-1,3
459,8000	-1,3
460,0000	-1,3
460,2000	-1,3
460,4000	-1,3
460,6000	-1,3
460,8000	-1,3
461,0000	-1,3
461,2000	-1,3
461,4000	-1,3
461,6000	-1,3
461,8000	-1,3
462,0000	-1,4
462,2000	-1,4
462,4000	-1,4
462,6000	-1,4
462,8000	-1,4
463,0000	-1,4
463,2000	-1,4
463,4000	-1,4
463,6000	-1,4
463,8000	-1,4
464,0000	-1,4
464,2000	-1,4
464,4000	-1,5
464,6000	-1,5
464,8000	-1,5
465,0000	-1,5
465,2000	-1,5
465,4000	-1,5
465,6000	-1,5
465,8000	-1,5
466,0000	-1,5
466,2000	-1,5
466,4000	-1,5
466,6000	-1,6
466,8000	-1,6
467,0000	-1,6
467,2000	-1,6
467,4000	-1,6
467,6000	-1,6
467,8000	-1,6
468,0000	-1,6
468,2000	-1,6
468,4000	-1,6
468,6000	-1,6
468,8000	-1,7
469,0000	-1,7
469,2000	-1,7
469,4000	-1,7
469,6000	-1,7
469,8000	-1,7
470,0000	-1,7
470,2000	-1,7
470,4000	-1,7
470,6000	-1,7
470,8000	-1,8
471,0000	-1,8
471,2000	-1,8
471,4000	-1,8
471,6000	-1,8
471,8000	-1,8
472,0000	-1,8
472,2000	-1,8
472,4000	-1,8
472,6000	-1,8
472,8000	-1,9
473,0000	-1,9
473,2000	-1,9
473,4000	-1,9
473,6000	-1,9
473,8000	-1,9
474,0000	-1,9
474,2000	-1,9
474,4000	-1,9
474,6000	-1,9
474,8000	-2,0
475,0000	-2,0
475,2000	-2,0
475,4000	-2,0
475,6000	-2,0
475,8000	-2,0
476,0000	-2,0
476,2000	-2,0
476,4000	-2,0
476,6000	-2,0
476,8000	-2,1
477,0000	-2,1
477,2000	-2,1
477,4000	-2,1
477,6000	-2,1
477,8000	-2,1
478,0000	-2,1
478,2000	-2,1
478,4000	-2,1
478,6000	-2,2
478,8000	-2,2
479,0000	-2,2
479,2000	-2,2
479,4000	-2,2
479,6000	-2,2
479,8000	-2,2
480,0000	-2,2
480,2000	-2,2
480,4000	-2,2
480,6000	-2,3
480,8000	-2,3
481,0000	-2,3
481,2000	-2,3
481,4000	-2,3
481,6000	-2,3
481,8000	-2,3
482,0000	-2,3
482,2000	-2,3
482,4000	-2,4
482,6000	-2,4
482,8000	-2,4
483,0000	-2,4
483,2000	-2,4
483,4000	-2,4
483,6000	-2,4
483,8000	-2,4
484,0000	-2,5
484,2000	-2,5
484,4000	-2,5
484,6000	-2,5
484,8000	-2,5
485,0000	-2,5
485,2000	-2,5
485,4000	-2,5
485,6000	-2,5
485,8000	-2,6
486,0000	-2,6
486,2000	-2,6
486,4000	-2,6
486,6000	-2,6
486,8000	-2,6
487,0000	-2,6
487,2000	-2,6
487,4000	-2,7
487,6000	-2,7
487,8000	-2,7
488,0000	-2,7
488,2000	-2,7
488,4000	-2,7
488,6000	-2,7
488,8000	-2,7
489,0000	-2,8
489,2000	-2,8
489,4000	-2,8
489,6000	-2,8
489,8000	-2,8
490,0000	-2,8
490,2000	-2,8
490,4000	-2,8
490,6000	-2,8
490,8000	-2,9
491,0000	-2,9
491,2000	-2,9
491,4000	-2,9
491,6000	-2,9
491,8000	-2,9
492,0000	-2,9
492,2000	-2,9
492,4000	-3,0
492,6000	-3,0
492,8000	-3,0
493,0000	-3,0
493,2000	-3,0
493,4000	-3,0
493,6000	-3,0
493,8000	-3,0
494,0000	-3,1
494,2000	-3,1
494,4000	-3,1
494,6000	-3,1
494,8000	-3,1
495,0000	-3,1
495,2000	-3,1
495,4000	-3,1
495,6000	-3,2
495,8000	-3,2
496,0000	-3,2
496,2000	-3,2
496,4000	-3,2
496,6000	-3,2
496,8000	-3,2
497,0000	-3,3
497,2000	-3,3
497,4000	-3,3
497,6000	-3,3
497,8000	-3,3
498,0000	-3,3
498,2000	-3,3
498,4000	-3,4
498,6000	-3,4
498,8000	-3,4
499,0000	-3,4
499,2000	-3,4
499,4000	-3,4
499,6000	-3,4
499,8000	-3,4
500,0000	-3,5
500,2000	-3,5
500,4000	-3,5
500,6000	-3,5
500,8000	-3,5
501,0000	-3,5
501,2000	-3,6
501,4000	-3,6
501,6000	-3,6
501,8000	-3,6
502,0000	-3,6
502,2000	-3,6
502,4000	-3,6
502,6000	-3,7
502,8000	-3,7
503,0000	-3,7
503,2000	-3,7
503,4000	-3,7
503,6000	-3,7
503,8000	-3,7
504,0000	-3,8
504,2000	-3,8
504,4000	-3,8
504,6000	-3,8
504,8000	-3,8
505,0000	-3,8
505,2000	-3,9
505,4000	-3,9
505,6000	-3,9
505,8000	-3,9
506,0000	-3,9
506,2000	-3,9
506,4000	-3,9
506,6000	-4,0
506,8000	-4,0
507,0000	-4,0
507,2000	-4,0
507,4000	-4,0
507,6000	-4,0
507,8000	-4,1
508,0000	-4,1
508,2000	-4,1
508,4000	-4,1
508,6000	-4,1
508,8000	-4,1
509,0000	-4,2
509,2000	-4,2
509,4000	-4,2
509,6000	-4,2
509,8000	-4,2
510,0000	-4,2
510,2000	-4,3
510,4000	-4,3
510,6000	-4,3
510,8000	-4,3
511,0000	-4,3
511,2000	-4,4
511,4000	-4,4
511,6000	-4,4
511,8000	-4,4
512,0000	-4,4
512,2000	-4,5
512,4000	-4,5
512,6000	-4,5
512,8000	-4,5
513,0000	-4,5
513,2000	-4,5
513,4000	-4,6
513,6000	-4,6
513,8000	-4,6
514,0000	-4,6
514,2000	-4,6
514,4000	-4,7
514,6000	-4,7
514,8000	-4,7
515,0000	-4,7
515,2000	-4,7
515,4000	-4,8
515,6000	-4,8
515,8000	-4,8
516,0000	-4,8
516,2000	-4,9
516,4000	-4,9
516,6000	-4,9
516,8000	-4,9
517,0000	-4,9
517,2000	-5,0
517,4000	-5,0
517,6000	-5,0
517,8000	-5,0
518,0000	-5,0
518,2000	-5,1
518,4000	-5,1
518,6000	-5,1
518,8000	-5,1
519,0000	-5,1
519,2000	-5,2
519,4000	-5,2
519,6000	-5,2
519,8000	-5,2
520,0000	-5,3
520,2000	-5,3
520,4000	-5,3
520,6000	-5,3
520,8000	-5,3
521,0000	-5,4
521,2000	-5,4
521,4000	-5,4
521,6000	-5,4
521,8000	-5,4
522,0000	-5,5
522,2000	-5,5
522,4000	-5,5
522,6000	-5,5
522,8000	-5,6
523,0000	-5,6
523,2000	-5,6
523,4000	-5,6
523,6000	-5,6
523,8000	-5,7
524,0000	-5,7
524,2000	-5,7
524,4000	-5,7
524,6000	-5,8
524,8000	-5,8
525,0000	-5,8
525,2000	-5,8
525,4000	-5,8
525,6000	-5,9
525,8000	-5,9
526,0000	-5,9
526,2000	-5,9
526,4000	-6,0
526,6000	-6,0
526,8000	-6,0
527,0000	-6,0
527,2000	-6,0
527,4000	-6,1
527,6000	-6,1
527,8000	-6,1
528,0000	-6,1
528,2000	-6,2
528,4000	-6,2
528,6000	-6,2
528,8000	-6,2
529,0000	-6,2
529,2000	-6,3
529,4000	-6,3
529,6000	-6,3
529,8000	-6,3
530,0000	-6,4
530,2000	-6,4
530,4000	-6,4
530,6000	-6,4
530,8000	-6,5
531,0000	-6,5
531,2000	-6,5
531,4000	-6,5
531,6000	-6,5
531,8000	-6,6
532,0000	-6,6
532,2000	-6,6
532,4000	-6,6
532,6000	-6,7
532,8000	-6,7
533,0000	-6,7
533,2000	-6,7
533,4000	-6,8
533,6000	-6,8
533,8000	-6,8
534,0000	-6,8
534,2000	-6,9
534,4000	-6,9
534,6000	-6,9
534,8000	-6,9
535,0000	-7,0
535,2000	-7,0
535,4000	-7,0
535,6000	-7,0
535,8000	-7,1
536,0000	-7,1
536,2000	-7,1
536,4000	-7,1
536,6000	-7,2
536,8000	-7,2
537,0000	-7,2
537,2000	-7,2
537,4000	-7,3
537,6000	-7,3
537,8000	-7,3
538,0000	-7,3
538,2000	-7,4
538,4000	-7,4
538,6000	-7,4
538,8000	-7,4
539,0000	-7,5
539,2000	-7,5
539,4000	-7,5
539,6000	-7,5
539,8000	-7,6
540,0000	-7,6
540,2000	-7,6
540,4000	-7,6
540,6000	-7,7
540,8000	-7,7
541,0000	-7,7
541,2000	-7,7
541,4000	-7,8
541,6000	-7,8
541,8000	-7,8
542,0000	-7,8
542,2000	-7,9
542,4000	-7,9
542,6000	-7,9
542,8000	-7,9
543,0000	-8,0
543,2000	-8,0
543,4000	-8,0
543,6000	-8,1
543,8000	-8,1
544,0000	-8,1
544,2000	-8,1
544,4000	-8,2
544,6000	-8,2
544,8000	-8,2
545,0000	-8,2
545,2000	-8,3
545,4000	-8,3
545,6000	-8,3
545,8000	-8,3
546,0000	-8,4
546,2000	-8,4
546,4000	-8,4
546,6000	-8,4
546,8000	-8,5
547,0000	-8,5
547,2000	-8,5
547,4000	-8,6
547,6000	-8,6
547,8000	-8,6
548,0000	-8,6
548,2000	-8,7
548,4000	-8,7
548,6000	-8,7
548,8000	-8,8
549,0000	-8,8
549,2000	-8,8
549,4000	-8,8
549,6000	-8,9
549,8000	-8,9
550,0000	-8,9
550,2000	-8,9
550,4000	-9,0
550,6000	-9,0
550,8000	-9,0
551,0000	-9,1
551,2000	-9,1
551,4000	-9,1
551,6000	-9,2
551,8000	-9,2
552,0000	-9,2
552,2000	-9,2
552,4000	-9,3
552,6000	-9,3
552,8000	-9,3
553,0000	-9,4
553,2000	-9,4
553,4000	-9,4
553,6000	-9,4
553,8000	-9,5
554,0000	-9,5
554,2000	-9,5
554,4000	-9,6
554,6000	-9,6
554,8000	-9,6
555,0000	-9,7
555,2000	-9,7
555,4000	-9,7
555,6000	-9,8
555,8000	-9,8
556,0000	-9,8
556,2000	-9,8
556,4000	-9,9
556,6000	-9,9
556,8000	-9,9
557,0000	-10,0
557,2000	-10,0
557,4000	-10,0
557,6000	-10,0
557,8000	-10,1
558,0000	-10,1
558,2000	-10,1
558,4000	-10,2
558,6000	-10,2
558,8000	-10,2
559,0000	-10,2
559,2000	-10,3
559,4000	-10,3
559,6000	-10,3
559,8000	-10,4
560,0000	-10,4
560,2000	-10,4
560,4000	-10,4
560,6000	-10,5
560,8000	-10,5
561,0000	-10,5
561,2000	-10,6
561,4000	-10,6
561,6000	-10,6
561,8000	-10,6
562,0000	-10,7
562,2000	-10,7
562,4000	-10,7
562,6000	-10,7
562,8000	-10,8
563,0000	-10,8
563,2000	-10,8
563,4000	-10,8
563,6000	-10,9
563,8000	-10,9
564,0000	-10,9
564,2000	-10,9
564,4000	-11,0
564,6000	-11,0
564,8000	-11,0
565,0000	-11,0
565,2000	-11,1
565,4000	-11,1
565,6000	-11,1
565,8000	-11,1
566,0000	-11,2
566,2000	-11,2
566,4000	-11,2
566,6000	-11,3
566,8000	-11,3
567,0000	-11,3
567,2000	-11,3
567,4000	-11,4
567,6000	-11,4
567,8000	-11,4
568,0000	-11,4
568,2000	-11,5
568,4000	-11,5
568,6000	-11,5
568,8000	-11,5
569,0000	-11,6
569,2000	-11,6
569,4000	-11,6
569,6000	-11,7
569,8000	-11,7
570,0000	-11,7
570,2000	-11,7
570,4000	-11,8
570,6000	-11,8
570,8000	-11,8
571,0000	-11,9
571,2000	-11,9
571,4000	-11,9
571,6000	-11,9
571,8000	-12,0
572,0000	-12,0
572,2000	-12,0
572,4000	-12,0
572,6000	-12,1
572,8000	-12,1
573,0000	-12,1
573,2000	-12,2
573,4000	-12,2
573,6000	-12,2
573,8000	-12,2
574,0000	-12,3
574,2000	-12,3
574,4000	-12,3
574,6000	-12,3
574,8000	-12,4
575,0000	-12,4
575,2000	-12,4
575,4000	-12,4
575,6000	-12,5
575,8000	-12,5
576,0000	-12,5
576,2000	-12,6
576,4000	-12,6
576,6000	-12,6
576,8000	-12,6
577,0000	-12,7
577,2000	-12,7
577,4000	-12,7
577,6000	-12,7
577,8000	-12,8
578,0000	-12,8
578,2000	-12,8
578,4000	-12,8
578,6000	-12,9
578,8000	-12,9
579,0000	-12,9
579,2000	-13,0
579,4000	-13,0
579,6000	-13,0
579,8000	-13,0
580,0000	-13,1
580,2000	-13,1
580,4000	-13,1
580,6000	-13,1
580,8000	-13,2
581,0000	-13,2
581,2000	-13,2
581,4000	-13,3
581,6000	-13,3
581,8000	-13,3
582,0000	-13,3
582,2000	-13,4
582,4000	-13,4
582,6000	-13,4
582,8000	-13,4
583,0000	-13,5
583,2000	-13,5
583,4000	-13,5
583,6000	-13,5
583,8000	-13,6
584,0000	-13,6
584,2000	-13,6
584,4000	-13,7
584,6000	-13,7
584,8000	-13,7
585,0000	-13,7
585,2000	-13,8
585,4000	-13,8
585,6000	-13,8
585,8000	-13,8
586,0000	-13,9
586,2000	-13,9
586,4000	-13,9
586,6000	-14,0
586,8000	-14,0
587,0000	-14,0
587,2000	-14,0
587,4000	-14,1
587,6000	-14,1
587,8000	-14,1
588,0000	-14,1
588,2000	-14,2
588,4000	-14,2
588,6000	-14,2
588,8000	-14,2
589,0000	-14,3
589,2000	-14,3
589,4000	-14,3
589,6000	-14,3
589,8000	-14,4
590,0000	-14,4
590,2000	-14,4
590,4000	-14,5
590,6000	-14,5
590,8000	-14,5
591,0000	-14,5
591,2000	-14,6
591,4000	-14,6
591,6000	-14,6
591,8000	-14,6
592,0000	-14,7
592,2000	-14,7
592,4000	-14,7
592,6000	-14,7
592,8000	-14,8
593,0000	-14,8
593,2000	-14,8
593,4000	-14,8
593,6000	-14,9
593,8000	-14,9
594,0000	-14,9
594,2000	-14,9
594,4000	-15,0
594,6000	-15,0
594,8000	-15,0
595,0000	-15,0
595,2000	-15,1
595,4000	-15,1
595,6000	-15,1
595,8000	-15,1
596,0000	-15,2
596,2000	-15,2
596,4000	-15,2
596,6000	-15,2
596,8000	-15,3
597,0000	-15,3
597,2000	-15,3
597,4000	-15,3
597,6000	-15,4
597,8000	-15,4
598,0000	-15,4
598,2000	-15,4
598,4000	-15,4
598,6000	-15,5
598,8000	-15,5
599,0000	-15,5
599,2000	-15,5
599,4000	-15,6
599,6000	-15,6
599,8000	-15,6
600,0000	-15,6
600,2000	-15,7
600,4000	-15,7
600,6000	-15,7
600,8000	-15,7
601,0000	-15,8
601,2000	-15,8
601,4000	-15,8
601,6000	-15,8
601,8000	-15,9
602,0000	-15,9
602,2000	-15,9
602,4000	-15,9
602,6000	-15,9
602,8000	-16,0
603,0000	-16,0
603,2000	-16,0
603,4000	-16,0
603,6000	-16,1
603,8000	-16,1
604,0000	-16,1
604,2000	-16,1
604,4000	-16,2
604,6000	-16,2
604,8000	-16,2
605,0000	-16,2
605,2000	-16,2
605,4000	-16,3
605,6000	-16,3
605,8000	-16,3
606,0000	-16,3
606,2000	-16,3
606,4000	-16,4
606,6000	-16,4
606,8000	-16,4
607,0000	-16,4
607,2000	-16,5
607,4000	-16,5
607,6000	-16,5
607,8000	-16,5
608,0000	-16,5
608,2000	-16,6
608,4000	-16,6
608,6000	-16,6
608,8000	-16,6
609,0000	-16,7
609,2000	-16,7
609,4000	-16,7
609,6000	-16,7
609,8000	-16,7
610,0000	-16,8
610,2000	-16,8
610,4000	-16,8
610,6000	-16,8
610,8000	-16,8
611,0000	-16,9
611,2000	-16,9
611,4000	-16,9
611,6000	-16,9
611,8000	-17,0
612,0000	-17,0
612,2000	-17,0
612,4000	-17,0
612,6000	-17,0
612,8000	-17,1
613,0000	-17,1
613,2000	-17,1
613,4000	-17,1
613,6000	-17,1
613,8000	-17,2
614,0000	-17,2
614,2000	-17,2
614,4000	-17,2
614,6000	-17,2
614,8000	-17,3
615,0000	-17,3
615,2000	-17,3
615,4000	-17,3
615,6000	-17,3
615,8000	-17,4
616,0000	-17,4
616,2000	-17,4
616,4000	-17,4
616,6000	-17,4
616,8000	-17,5
617,0000	-17,5
617,2000	-17,5
617,4000	-17,5
617,6000	-17,5
617,8000	-17,6
618,0000	-17,6
618,2000	-17,6
618,4000	-17,6
618,6000	-17,6
618,8000	-17,7
619,0000	-17,7
619,2000	-17,7
619,4000	-17,7
619,6000	-17,7
619,8000	-17,8
620,0000	-17,8
620,2000	-17,8
620,4000	-17,8
620,6000	-17,8
620,8000	-17,9
621,0000	-17,9
621,2000	-17,9
621,4000	-17,9
621,6000	-17,9
621,8000	-17,9
622,0000	-18,0
622,2000	-18,0
622,4000	-18,0
622,6000	-18,0
622,8000	-18,0
623,0000	-18,1
623,2000	-18,1
623,4000	-18,1
623,6000	-18,1
623,8000	-18,1
624,0000	-18,1
624,2000	-18,2
624,4000	-18,2
624,6000	-18,2
624,8000	-18,2
625,0000	-18,2
625,2000	-18,3
625,4000	-18,3
625,6000	-18,3
625,8000	-18,3
626,0000	-18,3
626,2000	-18,3
626,4000	-18,4
626,6000	-18,4
626,8000	-18,4
627,0000	-18,4
627,2000	-18,4
627,4000	-18,5
627,6000	-18,5
627,8000	-18,5
628,0000	-18,5
628,2000	-18,5
628,4000	-18,5
628,6000	-18,6
628,8000	-18,6
629,0000	-18,6
629,2000	-18,6
629,4000	-18,6
629,6000	-18,6
629,8000	-18,7
630,0000	-18,7
630,2000	-18,7
630,4000	-18,7
630,6000	-18,7
630,8000	-18,7
631,0000	-18,8
631,2000	-18,8
631,4000	-18,8
631,6000	-18,8
631,8000	-18,8
632,0000	-18,8
632,2000	-18,9
632,4000	-18,9
632,6000	-18,9
632,8000	-18,9
633,0000	-18,9
633,2000	-18,9
633,4000	-19,0
633,6000	-19,0
633,8000	-19,0
634,0000	-19,0
634,2000	-19,0
634,4000	-19,0
634,6000	-19,1
634,8000	-19,1
635,0000	-19,1
635,2000	-19,1
635,4000	-19,1
635,6000	-19,1
635,8000	-19,2
636,0000	-19,2
636,2000	-19,2
636,4000	-19,2
636,6000	-19,2
636,8000	-19,2
637,0000	-19,2
637,2000	-19,3
637,4000	-19,3
637,6000	-19,3
637,8000	-19,3
638,0000	-19,3
638,2000	-19,3
638,4000	-19,4
638,6000	-19,4
638,8000	-19,4
639,0000	-19,4
639,2000	-19,4
639,4000	-19,4
639,6000	-19,4
639,8000	-19,5
640,0000	-19,5
640,2000	-19,5
640,4000	-19,5
640,6000	-19,5
640,8000	-19,5
641,0000	-19,5
641,2000	-19,6
641,4000	-19,6
641,6000	-19,6
641,8000	-19,6
642,0000	-19,6
642,2000	-19,6
642,4000	-19,6
642,6000	-19,7
642,8000	-19,7
643,0000	-19,7
643,2000	-19,7
643,4000	-19,7
643,6000	-19,7
643,8000	-19,7
644,0000	-19,8
644,2000	-19,8
644,4000	-19,8
644,6000	-19,8
644,8000	-19,8
645,0000	-19,8
645,2000	-19,8
645,4000	-19,8
645,6000	-19,9
645,8000	-19,9
646,0000	-19,9
646,2000	-19,9
646,4000	-19,9
646,6000	-19,9
646,8000	-19,9
647,0000	-20,0
647,2000	-20,0
647,4000	-20,0
647,6000	-20,0
647,8000	-20,0
648,0000	-20,0
648,2000	-20,0
648,4000	-20,1
648,6000	-20,1
648,8000	-20,1
649,0000	-20,1
649,2000	-20,1
649,4000	-20,1
649,6000	-20,1
649,8000	-20,1
650,0000	-20,2
650,2000	-20,2
650,4000	-20,2
650,6000	-20,2
650,8000	-20,2
651,0000	-20,2
651,2000	-20,2
651,4000	-20,2
651,6000	-20,3
651,8000	-20,3
652,0000	-20,3
652,2000	-20,3
652,4000	-20,3
652,6000	-20,3
652,8000	-20,3
653,0000	-20,3
653,2000	-20,4
653,4000	-20,4
653,6000	-20,4
653,8000	-20,4
654,0000	-20,4
654,2000	-20,4
654,4000	-20,4
654,6000	-20,4
654,8000	-20,4
655,0000	-20,5
655,2000	-20,5
655,4000	-20,5
655,6000	-20,5
655,8000	-20,5
656,0000	-20,5
656,2000	-20,5
656,4000	-20,5
656,6000	-20,6
656,8000	-20,6
657,0000	-20,6
657,2000	-20,6
657,4000	-20,6
657,6000	-20,6
657,8000	-20,6
658,0000	-20,6
658,2000	-20,7
658,4000	-20,7
658,6000	-20,7
658,8000	-20,7
659,0000	-20,7
659,2000	-20,7
659,4000	-20,7
659,6000	-20,7
659,8000	-20,8
660,0000	-20,8
660,2000	-20,8
660,4000	-20,8
660,6000	-20,8
660,8000	-20,8
661,0000	-20,8
661,2000	-20,8
661,4000	-20,8
661,6000	-20,8
661,8000	-20,9
662,0000	-20,9
662,2000	-20,9
662,4000	-20,9
662,6000	-20,9
662,8000	-20,9
663,0000	-20,9
663,2000	-20,9
663,4000	-20,9
663,6000	-21,0
663,8000	-21,0
664,0000	-21,0
664,2000	-21,0
664,4000	-21,0
664,6000	-21,0
664,8000	-21,0
665,0000	-21,0
665,2000	-21,0
665,4000	-21,1
665,6000	-21,1
665,8000	-21,1
666,0000	-21,1
666,2000	-21,1
666,4000	-21,1
666,6000	-21,1
666,8000	-21,1
667,0000	-21,1
667,2000	-21,2
667,4000	-21,2
667,6000	-21,2
667,8000	-21,2
668,0000	-21,2
668,2000	-21,2
668,4000	-21,2
668,6000	-21,2
668,8000	-21,2
669,0000	-21,2
669,2000	-21,3
669,4000	-21,3
669,6000	-21,3
669,8000	-21,3
670,0000	-21,3
670,2000	-21,3
670,4000	-21,3
670,6000	-21,3
670,8000	-21,3
671,0000	-21,3
671,2000	-21,4
671,4000	-21,4
671,6000	-21,4
671,8000	-21,4
672,0000	-21,4
672,2000	-21,4
672,4000	-21,4
672,6000	-21,4
672,8000	-21,4
673,0000	-21,4
673,2000	-21,5
673,4000	-21,5
673,6000	-21,5
673,8000	-21,5
674,0000	-21,5
674,2000	-21,5
674,4000	-21,5
674,6000	-21,5
674,8000	-21,5
675,0000	-21,5
675,2000	-21,5
675,4000	-21,6
675,6000	-21,6
675,8000	-21,6
676,0000	-21,6
676,2000	-21,6
676,4000	-21,6
676,6000	-21,6
676,8000	-21,6
677,0000	-21,6
677,2000	-21,6
677,4000	-21,6
677,6000	-21,7
677,8000	-21,7
678,0000	-21,7
678,2000	-21,7
678,4000	-21,7
678,6000	-21,7
678,8000	-21,7
679,0000	-21,7
679,2000	-21,7
679,4000	-21,7
679,6000	-21,7
679,8000	-21,8
680,0000	-21,8
680,2000	-21,8
680,4000	-21,8
680,6000	-21,8
680,8000	-21,8
681,0000	-21,8
681,2000	-21,8
681,4000	-21,8
681,6000	-21,8
681,8000	-21,9
682,0000	-21,9
682,2000	-21,9
682,4000	-21,9
682,6000	-21,9
682,8000	-21,9
683,0000	-21,9
683,2000	-21,9
683,4000	-21,9
683,6000	-21,9
683,8000	-21,9
684,0000	-22,0
684,2000	-22,0
684,4000	-22,0
684,6000	-22,0
684,8000	-22,0
685,0000	-22,0
685,2000	-22,0
685,4000	-22,0
685,6000	-22,0
685,8000	-22,0
686,0000	-22,0
686,2000	-22,0
686,4000	-22,0
686,6000	-22,1
686,8000	-22,1
687,0000	-22,1
687,2000	-22,1
687,4000	-22,1
687,6000	-22,1
687,8000	-22,1
688,0000	-22,1
688,2000	-22,1
688,4000	-22,1
688,6000	-22,1
688,8000	-22,1
689,0000	-22,2
689,2000	-22,2
689,4000	-22,2
689,6000	-22,2
689,8000	-22,2
690,0000	-22,2
690,2000	-22,2
690,4000	-22,2
690,6000	-22,2
690,8000	-22,2
691,0000	-22,2
691,2000	-22,2
691,4000	-22,2
691,6000	-22,3
691,8000	-22,3
692,0000	-22,3
692,2000	-22,3
692,4000	-22,3
692,6000	-22,3
692,8000	-22,3
693,0000	-22,3
693,2000	-22,3
693,4000	-22,3
693,6000	-22,3
693,8000	-22,3
694,0000	-22,3
694,2000	-22,3
694,4000	-22,4
694,6000	-22,4
694,8000	-22,4
695,0000	-22,4
695,2000	-22,4
695,4000	-22,4
695,6000	-22,4
695,8000	-22,4
696,0000	-22,4
696,2000	-22,4
696,4000	-22,4
696,6000	-22,4
696,8000	-22,4
697,0000	-22,4
697,2000	-22,5
697,4000	-22,5
697,6000	-22,5
697,8000	-22,5
698,0000	-22,5
698,2000	-22,5
698,4000	-22,5
698,6000	-22,5
698,8000	-22,5
699,0000	-22,5
699,2000	-22,5
699,4000	-22,5
699,6000	-22,5
699,8000	-22,5
700,0000	-22,6
700,2000	-22,6
700,4000	-22,6
700,6000	-22,6
700,8000	-22,6
701,0000	-22,6
701,2000	-22,6
701,4000	-22,6
701,6000	-22,6
701,8000	-22,6
702,0000	-22,6
702,2000	-22,6
702,4000	-22,6
702,6000	-22,6
702,8000	-22,6
703,0000	-22,7
703,2000	-22,7
703,4000	-22,7
703,6000	-22,7
703,8000	-22,7
704,0000	-22,7
704,2000	-22,7
704,4000	-22,7
704,6000	-22,7
704,8000	-22,7
705,0000	-22,7
705,2000	-22,7
705,4000	-22,7
705,6000	-22,7
705,8000	-22,7
706,0000	-22,7
706,2000	-22,8
706,4000	-22,8
706,6000	-22,8
706,8000	-22,8
707,0000	-22,8
707,2000	-22,8
707,4000	-22,8
707,6000	-22,8
707,8000	-22,8
708,0000	-22,8
708,2000	-22,8
708,4000	-22,8
708,6000	-22,8
708,8000	-22,8
709,0000	-22,8
709,2000	-22,8
709,4000	-22,8
709,6000	-22,9
709,8000	-22,9
710,0000	-22,9
710,2000	-22,9
710,4000	-22,9
710,6000	-22,9
710,8000	-22,9
711,0000	-22,9
711,2000	-22,9
711,4000	-22,9
711,6000	-22,9
711,8000	-22,9
712,0000	-22,9
712,2000	-22,9
712,4000	-22,9
712,6000	-22,9
712,8000	-22,9
713,0000	-23,0
713,2000	-23,0
713,4000	-23,0
713,6000	-23,0
713,8000	-23,0
714,0000	-23,0
714,2000	-23,0
714,4000	-23,0
714,6000	-23,0
714,8000	-23,0
715,0000	-23,0
715,2000	-23,0
715,4000	-23,0
715,6000	-23,0
715,8000	-23,0
716,0000	-23,0
716,2000	-23,0
716,4000	-23,0
716,6000	-23,0
716,8000	-23,1
717,0000	-23,1
717,2000	-23,1
717,4000	-23,1
717,6000	-23,1
717,8000	-23,1
718,0000	-23,1
718,2000	-23,1
718,4000	-23,1
718,6000	-23,1
718,8000	-23,1
719,0000	-23,1
719,2000	-23,1
719,4000	-23,1
719,6000	-23,1
719,8000	-23,1
720,0000	-23,1
720,2000	-23,1
720,4000	-23,1
720,6000	-23,2
720,8000	-23,2
721,0000	-23,2
721,2000	-23,2
721,4000	-23,2
721,6000	-23,2
721,8000	-23,2
722,0000	-23,2
722,2000	-23,2
722,4000	-23,2
722,6000	-23,2
722,8000	-23,2
723,0000	-23,2
723,2000	-23,2
723,4000	-23,2
723,6000	-23,2
723,8000	-23,2
724,0000	-23,2
724,2000	-23,2
724,4000	-23,2
724,6000	-23,2
724,8000	-23,3
725,0000	-23,3
725,2000	-23,3
725,4000	-23,3
725,6000	-23,3
725,8000	-23,3
726,0000	-23,3
726,2000	-23,3
726,4000	-23,3
726,6000	-23,3
726,8000	-23,3
727,0000	-23,3
727,2000	-23,3
727,4000	-23,3
727,6000	-23,3
727,8000	-23,3
728,0000	-23,3
728,2000	-23,3
728,4000	-23,3
728,6000	-23,3
728,8000	-23,3
729,0000	-23,4
729,2000	-23,4
729,4000	-23,4
729,6000	-23,4
729,8000	-23,4
730,0000	-23,4
730,2000	-23,4
730,4000	-23,4
730,6000	-23,4
730,8000	-23,4
731,0000	-23,4
731,2000	-23,4
731,4000	-23,4
731,6000	-23,4
731,8000	-23,4
732,0000	-23,4
732,2000	-23,4
732,4000	-23,4
732,6000	-23,4
732,8000	-23,4
733,0000	-23,4
733,2000	-23,4
733,4000	-23,4
733,6000	-23,4
733,8000	-23,5
734,0000	-23,4
734,2000	-23,5
734,4000	-23,5
734,6000	-23,5
734,8000	-23,5
735,0000	-23,5
735,2000	-23,5
735,4000	-23,5
735,6000	-23,5
735,8000	-23,5
736,0000	-23,5
736,2000	-23,5
736,4000	-23,5
736,6000	-23,5
736,8000	-23,5
737,0000	-23,5
737,2000	-23,5
737,4000	-23,5
737,6000	-23,5
737,8000	-23,5
738,0000	-23,5
738,2000	-23,5
738,4000	-23,5
738,6000	-23,5
738,8000	-23,5
739,0000	-23,5
739,2000	-23,6
739,4000	-23,6
739,6000	-23,6
739,8000	-23,6
740,0000	-23,6
740,2000	-23,6
740,4000	-23,6
740,6000	-23,6
740,8000	-23,6
741,0000	-23,6
741,2000	-23,6
741,4000	-23,6
741,6000	-23,6
741,8000	-23,6
742,0000	-23,6
742,2000	-23,6
742,4000	-23,6
742,6000	-23,6
742,8000	-23,6
743,0000	-23,6
743,2000	-23,6
743,4000	-23,6
743,6000	-23,6
743,8000	-23,6
744,0000	-23,6
744,2000	-23,6
744,4000	-23,6
744,6000	-23,7
744,8000	-23,7
745,0000	-23,7
745,2000	-23,7
745,4000	-23,7
745,6000	-23,7
745,8000	-23,7
746,0000	-23,7
746,2000	-23,7
746,4000	-23,7
746,6000	-23,7
746,8000	-23,7
747,0000	-23,7
747,2000	-23,7
747,4000	-23,7
747,6000	-23,7
747,8000	-23,7
748,0000	-23,7
748,2000	-23,7
748,4000	-23,7
748,6000	-23,7
748,8000	-23,7
749,0000	-23,7
749,2000	-23,7
749,4000	-23,7
749,6000	-23,8
749,8000	-23,8
750,0000	-23,8
750,2000	-23,8
750,4000	-23,8
750,6000	-23,8
750,8000	-23,8
751,0000	-23,8
751,2000	-23,8
751,4000	-23,8
751,6000	-23,8
751,8000	-23,8
752,0000	-23,8
752,2000	-23,8
752,4000	-23,8
752,6000	-23,8
752,8000	-23,8
753,0000	-23,8
753,2000	-23,8
753,4000	-23,8
753,6000	-23,8
753,8000	-23,8
754,0000	-23,8
754,2000	-23,8
754,4000	-23,8
754,6000	-23,8
754,8000	-23,8
755,0000	-23,8
755,2000	-23,8
755,4000	-23,8
755,6000	-23,8
755,8000	-23,9
756,0000	-23,9
756,2000	-23,9
756,4000	-23,9
756,6000	-23,9
756,8000	-23,9
757,0000	-23,9
757,2000	-23,9
757,4000	-23,9
757,6000	-23,9
757,8000	-23,9
758,0000	-23,9
758,2000	-23,9
758,4000	-23,9
758,6000	-23,9
758,8000	-23,9
759,0000	-23,9
759,2000	-23,9
759,4000	-23,9
759,6000	-23,9
759,8000	-23,9
760,0000	-23,9
760,2000	-23,9
760,4000	-23,9
760,6000	-23,9
760,8000	-23,9
761,0000	-23,9
761,2000	-23,9
761,4000	-23,9
761,6000	-23,9
761,8000	-24,0
762,0000	-24,0
762,2000	-23,9
762,4000	-24,0
762,6000	-24,0
762,8000	-24,0
763,0000	-24,0
763,2000	-24,0
763,4000	-24,0
763,6000	-24,0
763,8000	-24,0
764,0000	-24,0
764,2000	-24,0
764,4000	-24,0
764,6000	-24,0
764,8000	-24,0
765,0000	-24,0
765,2000	-24,0
765,4000	-24,0
765,6000	-24,0
765,8000	-24,0
766,0000	-24,0
766,2000	-24,0
766,4000	-24,0
766,6000	-24,0
766,8000	-24,0
767,0000	-24,0
767,2000	-24,0
767,4000	-24,0
767,6000	-24,0
767,8000	-24,0
768,0000	-24,0
768,2000	-24,1
768,4000	-24,1
768,6000	-24,1
768,8000	-24,1
769,0000	-24,1
769,2000	-24,1
769,4000	-24,1
769,6000	-24,1
769,8000	-24,1
770,0000	-24,1
770,2000	-24,1
770,4000	-24,1
770,6000	-24,1
770,8000	-24,1
771,0000	-24,1
771,2000	-24,1
771,4000	-24,1
771,6000	-24,1
771,8000	-24,1
772,0000	-24,1
772,2000	-24,1
772,4000	-24,1
772,6000	-24,1
772,8000	-24,1
773,0000	-24,1
773,2000	-24,1
773,4000	-24,1
773,6000	-24,1
773,8000	-24,1
774,0000	-24,1
774,2000	-24,1
774,4000	-24,1
774,6000	-24,1
774,8000	-24,1
775,0000	-24,1
775,2000	-24,1
775,4000	-24,1
775,6000	-24,2
775,8000	-24,2
776,0000	-24,2
776,2000	-24,2
776,4000	-24,2
776,6000	-24,2
776,8000	-24,2
777,0000	-24,2
777,2000	-24,2
777,4000	-24,2
777,6000	-24,2
777,8000	-24,2
778,0000	-24,2
778,2000	-24,2
778,4000	-24,2
778,6000	-24,2
778,8000	-24,2
779,0000	-24,2
779,2000	-24,2
779,4000	-24,2
779,6000	-24,2
779,8000	-24,2
780,0000	-24,2
780,2000	-24,2
780,4000	-24,2
780,6000	-24,2
780,8000	-24,2
781,0000	-24,2
781,2000	-24,2
781,4000	-24,2
781,6000	-24,2
781,8000	-24,2
782,0000	-24,3
782,2000	-24,2
782,4000	-24,2
782,6000	-24,3
782,8000	-24,3
783,0000	-24,3
783,2000	-24,3
783,4000	-24,3
783,6000	-24,3
783,8000	-24,3
784,0000	-24,3
784,2000	-24,3
784,4000	-24,3
784,6000	-24,3
784,8000	-24,3
785,0000	-24,3
785,2000	-24,3
785,4000	-24,3
785,6000	-24,3
785,8000	-24,3
786,0000	-24,3
786,2000	-24,3
786,4000	-24,3
786,6000	-24,3
786,8000	-24,3
787,0000	-24,3
787,2000	-24,3
787,4000	-24,3
787,6000	-24,3
787,8000	-24,3
788,0000	-24,3
788,2000	-24,3
788,4000	-24,3
788,6000	-24,3
788,8000	-24,3
789,0000	-24,3
789,2000	-24,3
789,4000	-24,3
789,6000	-24,3
789,8000	-24,3
790,0000	-24,3
790,2000	-24,4
790,4000	-24,4
790,6000	-24,4
790,8000	-24,4
791,0000	-24,4
791,2000	-24,4
791,4000	-24,4
791,6000	-24,4
791,8000	-24,4
792,0000	-24,4
792,2000	-24,4
792,4000	-24,4
792,6000	-24,4
792,8000	-24,4
793,0000	-24,4
793,2000	-24,4
793,4000	-24,4
793,6000	-24,4
793,8000	-24,4
794,0000	-24,4
794,2000	-24,4
794,4000	-24,4
794,6000	-24,4
794,8000	-24,4
795,0000	-24,4
795,2000	-24,4
795,4000	-24,4
795,6000	-24,4
795,8000	-24,4
796,0000	-24,4
796,2000	-24,4
796,4000	-24,4
796,6000	-24,4
796,8000	-24,4
797,0000	-24,4
797,2000	-24,4
797,4000	-24,4
797,6000	-24,4
797,8000	-24,4
798,0000	-24,4
798,2000	-24,4
798,4000	-24,4
798,6000	-24,4
798,8000	-24,4
799,0000	-24,4
799,2000	-24,4
799,4000	-24,4
799,6000	-24,4
799,8000	-24,4
800,0000	-24,4
800,2000	-24,4
800,4000	-24,4
800,6000	-24,4
800,8000	-24,4
801,0000	-24,4
801,2000	-24,4
801,4000	-24,4
801,6000	-24,4
801,8000	-24,4
802,0000	-24,4
802,2000	-24,4
802,4000	-24,4
802,6000	-24,4
802,8000	-24,4
803,0000	-24,4
803,2000	-24,5
803,4000	-24,5
803,6000	-24,5
803,8000	-24,5
804,0000	-24,5
804,2000	-24,5
804,4000	-24,5
804,6000	-24,5
804,8000	-24,5
805,0000	-24,5
805,2000	-24,5
805,4000	-24,5
805,6000	-24,5
805,8000	-24,5
806,0000	-24,5
806,2000	-24,5
806,4000	-24,5
806,6000	-24,5
806,8000	-24,5
807,0000	-24,5
807,2000	-24,5
807,4000	-24,5
807,6000	-24,5
807,8000	-24,5
808,0000	-24,5
808,2000	-24,5
808,4000	-24,5
808,6000	-24,5
808,8000	-24,5
809,0000	-24,5
809,2000	-24,5
809,4000	-24,5
809,6000	-24,5
809,8000	-24,5
810,0000	-24,5
810,2000	-24,5
810,4000	-24,5
810,6000	-24,5
810,8000	-24,5
811,0000	-24,5
811,2000	-24,5
811,4000	-24,5
811,6000	-24,5
811,8000	-24,5
812,0000	-24,5
812,2000	-24,5
812,4000	-24,5
812,6000	-24,5
812,8000	-24,5
813,0000	-24,5
813,2000	-24,5
813,4000	-24,5
813,6000	-24,5
813,8000	-24,5
814,0000	-24,5
814,2000	-24,5
814,4000	-24,5
814,6000	-24,5
814,8000	-24,5
815,0000	-24,5
815,2000	-24,5
815,4000	-24,5
815,6000	-24,5
815,8000	-24,5
816,0000	-24,5
816,2000	-24,5
816,4000	-24,5
816,6000	-24,5
816,8000	-24,5
817,0000	-24,5
817,2000	-24,5
817,4000	-24,5
817,6000	-24,5
817,8000	-24,6
818,0000	-24,6
818,2000	-24,6
818,4000	-24,6
818,6000	-24,6
818,8000	-24,6
819,0000	-24,6
819,2000	-24,6
819,4000	-24,6
819,6000	-24,6
819,8000	-24,6
820,0000	-24,6
820,2000	-24,6
820,4000	-24,6
820,6000	-24,6
820,8000	-24,6
821,0000	-24,6
821,2000	-24,6
821,4000	-24,6
821,6000	-24,6
821,8000	-24,6
822,0000	-24,6
822,2000	-24,6
822,4000	-24,6
822,6000	-24,6
822,8000	-24,6
823,0000	-24,6
823,2000	-24,6
823,4000	-24,6
823,6000	-24,6
823,8000	-24,6
824,0000	-24,6
824,2000	-24,6
824,4000	-24,6
824,6000	-24,6
824,8000	-24,6
825,0000	-24,6
825,2000	-24,6
825,4000	-24,6
825,6000	-24,6
825,8000	-24,6
826,0000	-24,6
826,2000	-24,6
826,4000	-24,6
826,6000	-24,6
826,8000	-24,6
827,0000	-24,6
827,2000	-24,6
827,4000	-24,6
827,6000	-24,6
827,8000	-24,6
828,0000	-24,6
828,2000	-24,6
828,4000	-24,6
828,6000	-24,6
828,8000	-24,6
829,0000	-24,6
829,2000	-24,6
829,4000	-24,6
829,6000	-24,6
829,8000	-24,7
830,0000	-24,6
830,2000	-24,6
830,4000	-24,6
830,6000	-24,7
830,8000	-24,7
831,0000	-24,7
831,2000	-24,7
831,4000	-24,6
831,6000	-24,7
831,8000	-24,7
832,0000	-24,7
832,2000	-24,7
832,4000	-24,7
832,6000	-24,7
832,8000	-24,7
833,0000	-24,7
833,2000	-24,7
833,4000	-24,7
833,6000	-24,7
833,8000	-24,7
834,0000	-24,7
834,2000	-24,7
834,4000	-24,7
834,6000	-24,7
834,8000	-24,7
835,0000	-24,7
835,2000	-24,7
835,4000	-24,7
835,6000	-24,7
835,8000	-24,7
836,0000	-24,7
836,2000	-24,7
836,4000	-24,7
836,6000	-24,7
836,8000	-24,7
837,0000	-24,7
837,2000	-24,7
837,4000	-24,7
837,6000	-24,7
837,8000	-24,7
838,0000	-24,7
838,2000	-24,7
838,4000	-24,7
838,6000	-24,7
838,8000	-24,7
839,0000	-24,7
839,2000	-24,7
839,4000	-24,7
839,6000	-24,7
839,8000	-24,7
840,0000	-24,7
840,2000	-24,7
840,4000	-24,7
840,6000	-24,7
840,8000	-24,7
841,0000	-24,7
841,2000	-24,7
841,4000	-24,7
841,6000	-24,7
841,8000	-24,7
842,0000	-24,7
842,2000	-24,7
842,4000	-24,7
842,6000	-24,7
842,8000	-24,7
843,0000	-24,7
843,2000	-24,7
843,4000	-24,7
843,6000	-24,7
843,8000	-24,7
844,0000	-24,7
844,2000	-24,7
844,4000	-24,7
844,6000	-24,7
844,8000	-24,7
845,0000	-24,7
845,2000	-24,7
845,4000	-24,7
845,6000	-24,7
845,8000	-24,7
846,0000	-24,7
846,2000	-24,7
846,4000	-24,8
846,6000	-24,8
846,8000	-24,8
847,0000	-24,7
847,2000	-24,8
847,4000	-24,8
847,6000	-24,8
847,8000	-24,8
848,0000	-24,8
848,2000	-24,8
848,4000	-24,8
848,6000	-24,8
848,8000	-24,8
849,0000	-24,8
849,2000	-24,8
849,4000	-24,8
849,6000	-24,8
849,8000	-24,8
850,0000	-24,8
850,2000	-24,8
850,4000	-24,8
850,6000	-24,8
850,8000	-24,8
851,0000	-24,8
851,2000	-24,8
851,4000	-24,8
851,6000	-24,8
851,8000	-24,8
852,0000	-24,8
852,2000	-24,8
852,4000	-24,8
852,6000	-24,8
852,8000	-24,8
853,0000	-24,8
853,2000	-24,8
853,4000	-24,8
853,6000	-24,8
853,8000	-24,8
854,0000	-24,8
854,2000	-24,8
854,4000	-24,8
854,6000	-24,8
854,8000	-24,8
855,0000	-24,8
855,2000	-24,8
855,4000	-24,8
855,6000	-24,8
855,8000	-24,8
856,0000	-24,8
856,2000	-24,8
856,4000	-24,8
856,6000	-24,8
856,8000	-24,8
857,0000	-24,8
857,2000	-24,8
857,4000	-24,8
857,6000	-24,8
857,8000	-24,8
858,0000	-24,8
858,2000	-24,8
858,4000	-24,8
858,6000	-24,8
858,8000	-24,8
859,0000	-24,8
859,2000	-24,8
859,4000	-24,8
859,6000	-24,8
859,8000	-24,8
860,0000	-24,8
860,2000	-24,8
860,4000	-24,8
860,6000	-24,8
860,8000	-24,8
861,0000	-24,8
861,2000	-24,8
861,4000	-24,8
861,6000	-24,8
861,8000	-24,8
862,0000	-24,8
862,2000	-24,8
862,4000	-24,8
862,6000	-24,8
862,8000	-24,8
863,0000	-24,8
863,2000	-24,8
863,4000	-24,8
863,6000	-24,9
863,8000	-24,9
864,0000	-24,8
864,2000	-24,9
864,4000	-24,9
864,6000	-24,9
864,8000	-24,8
865,0000	-24,9
865,2000	-24,9
865,4000	-24,9
865,6000	-24,9
865,8000	-24,9
866,0000	-24,9
866,2000	-24,9
866,4000	-24,9
866,6000	-24,9
866,8000	-24,9
867,0000	-24,9
867,2000	-24,9
867,4000	-24,9
867,6000	-24,9
867,8000	-24,9
868,0000	-24,9
868,2000	-24,9
868,4000	-24,9
868,6000	-24,9
868,8000	-24,9
869,0000	-24,9
869,2000	-24,9
869,4000	-24,9
869,6000	-24,9
869,8000	-24,9
870,0000	-24,9
870,2000	-24,9
870,4000	-24,9
870,6000	-24,9
870,8000	-24,9
871,0000	-24,9
871,2000	-24,9
871,4000	-24,9
871,6000	-24,9
871,8000	-24,9
872,0000	-24,9
872,2000	-24,9
872,4000	-24,9
872,6000	-24,9
872,8000	-24,9
873,0000	-24,9
873,2000	-24,9
873,4000	-24,9
873,6000	-24,9
873,8000	-24,9
874,0000	-24,9
874,2000	-24,9
874,4000	-24,9
874,6000	-24,9
874,8000	-24,9
875,0000	-24,9
875,2000	-24,9
875,4000	-24,9
875,6000	-24,9
875,8000	-24,9
876,0000	-24,9
876,2000	-24,9
876,4000	-24,9
876,6000	-24,9
876,8000	-24,9
877,0000	-24,9
877,2000	-24,9
877,4000	-24,9
877,6000	-24,9
877,8000	-24,9
878,0000	-24,9
878,2000	-24,9
878,4000	-24,9
878,6000	-24,9
878,8000	-24,9
879,0000	-24,9
879,2000	-24,9
879,4000	-24,9
879,6000	-24,9
879,8000	-24,9
880,0000	-24,9
880,2000	-24,9
880,4000	-24,9
880,6000	-24,9
880,8000	-24,9
881,0000	-24,9
881,2000	-24,9
881,4000	-24,9
881,6000	-24,9
881,8000	-24,9
882,0000	-24,9
882,2000	-24,9
882,4000	-24,9
882,6000	-24,9
882,8000	-24,9
883,0000	-24,9
883,2000	-24,9
883,4000	-24,9
883,6000	-24,9
883,8000	-24,9
884,0000	-24,9
884,2000	-24,9
884,4000	-24,9
884,6000	-24,9
884,8000	-24,9
885,0000	-24,9
885,2000	-24,9
885,4000	-24,9
885,6000	-24,9
885,8000	-24,9
886,0000	-24,9
886,2000	-24,9
886,4000	-24,9
886,6000	-24,9
886,8000	-24,9
887,0000	-24,9
887,2000	-24,9
887,4000	-24,9
887,6000	-24,9
887,8000	-24,9
888,0000	-24,9
888,2000	-24,9
888,4000	-24,9
888,6000	-24,9
888,8000	-24,9
889,0000	-24,9
889,2000	-24,9
889,4000	-24,9
889,6000	-24,9
889,8000	-24,9
890,0000	-24,9
890,2000	-24,9
890,4000	-24,9
890,6000	-24,9
890,8000	-24,9
891,0000	-24,9
891,2000	-24,9
891,4000	-24,9
891,6000	-24,9
891,8000	-24,9
892,0000	-24,9
892,2000	-24,9
892,4000	-24,9
892,6000	-24,9
892,8000	-24,9
893,0000	-24,9
893,2000	-24,9
893,4000	-24,9
893,6000	-24,9
893,8000	-24,9
894,0000	-24,9
894,2000	-24,9
894,4000	-24,9
894,6000	-24,9
894,8000	-24,9
895,0000	-24,9
895,2000	-24,9
895,4000	-24,9
895,6000	-24,9
895,8000	-24,9
896,0000	-24,9
896,2000	-24,9
896,4000	-24,9
896,6000	-24,9
896,8000	-24,9
897,0000	-24,9
897,2000	-24,9
897,4000	-24,9
897,6000	-24,9
897,8000	-24,9
898,0000	-24,9
898,2000	-24,9
898,4000	-24,9
898,6000	-24,9
898,8000	-24,9
899,0000	-24,9
899,2000	-24,9
899,4000	-24,9
899,6000	-24,9
899,8000	-24,9
900,0000	-24,9
900,2000	-25,0
900,4000	-25,0
900,6000	-25,0
900,8000	-25,0
901,0000	-24,9
901,2000	-25,0
901,4000	-25,0
901,6000	-24,9
901,8000	-25,0
902,0000	-25,0
902,2000	-25,0
902,4000	-25,0
902,6000	-25,0
902,8000	-25,0
903,0000	-25,0
903,2000	-25,0
903,4000	-25,0
903,6000	-25,0
903,8000	-25,0
904,0000	-25,0
904,2000	-25,0
904,4000	-25,0
904,6000	-25,0
904,8000	-25,0
905,0000	-25,0
905,2000	-25,0
905,4000	-25,0
905,6000	-25,0
905,8000	-25,0
906,0000	-25,0
906,2000	-25,0
906,4000	-25,0
906,6000	-25,0
906,8000	-25,0
907,0000	-25,0
907,2000	-25,0
907,4000	-25,0
907,6000	-25,0
907,8000	-25,0
908,0000	-25,0
908,2000	-25,0
908,4000	-25,0
908,6000	-25,0
908,8000	-25,0
909,0000	-25,0
909,2000	-25,0
909,4000	-25,0
909,6000	-25,0
909,8000	-25,0
910,0000	-25,0
910,2000	-25,0
910,4000	-25,0
910,6000	-25,0
910,8000	-25,0
911,0000	-25,0
911,2000	-25,0
911,4000	-25,0
911,6000	-25,0
911,8000	-25,0
912,0000	-25,0
912,2000	-25,0
912,4000	-25,0
912,6000	-25,0
912,8000	-25,0
913,0000	-25,0
913,2000	-25,0
913,4000	-25,0
913,6000	-25,0
913,8000	-25,0
914,0000	-25,0
914,2000	-25,0
914,4000	-25,0
914,6000	-25,0
914,8000	-25,0
915,0000	-25,0
915,2000	-25,0
915,4000	-25,0
915,6000	-25,0
915,8000	-25,0
916,0000	-25,0
916,2000	-25,0
916,4000	-25,0
916,6000	-25,0
916,8000	-25,0
917,0000	-25,0
917,2000	-25,0
917,4000	-25,0
917,6000	-25,0
917,8000	-25,0
918,0000	-25,0
918,2000	-25,0
918,4000	-25,0
918,6000	-25,0
918,8000	-25,0
919,0000	-25,0
919,2000	-25,0
919,4000	-25,0
919,6000	-25,0
919,8000	-25,0
920,0000	-25,0
920,2000	-25,0
920,4000	-25,0
920,6000	-25,0
920,8000	-25,0
921,0000	-25,0
921,2000	-25,0
921,4000	-25,0
921,6000	-25,0
921,8000	-25,0
922,0000	-25,0
922,2000	-25,0
922,4000	-25,0
922,6000	-25,0
922,8000	-25,0
923,0000	-25,0
923,2000	-25,0
923,4000	-25,0
923,6000	-25,0
923,8000	-25,0
924,0000	-25,0
924,2000	-25,0
924,4000	-25,0
924,6000	-25,0
924,8000	-25,0
925,0000	-25,0
925,2000	-25,0
925,4000	-25,0
925,6000	-25,0
925,8000	-25,0
926,0000	-25,0
926,2000	-25,0
926,4000	-25,0
926,6000	-25,1
926,8000	-25,1
927,0000	-25,1
927,2000	-25,0
927,4000	-25,1
927,6000	-25,1
927,8000	-25,1
928,0000	-25,1
928,2000	-25,1
928,4000	-25,1
928,6000	-25,1
928,8000	-25,1
929,0000	-25,1
929,2000	-25,1
929,4000	-25,1
929,6000	-25,1
929,8000	-25,1
930,0000	-25,1
930,2000	-25,1
930,4000	-25,1
930,6000	-25,1
930,8000	-25,1
931,0000	-25,1
931,2000	-25,1
931,4000	-25,1
931,6000	-25,1
931,8000	-25,1
932,0000	-25,1
932,2000	-25,1
932,4000	-25,1
932,6000	-25,1
932,8000	-25,1
933,0000	-25,1
933,2000	-25,1
933,4000	-25,1
933,6000	-25,1
933,8000	-25,1
934,0000	-25,1
934,2000	-25,1
934,4000	-25,1
934,6000	-25,1
934,8000	-25,1
935,0000	-25,1
935,2000	-25,1
935,4000	-25,1
935,6000	-25,1
935,8000	-25,1
936,0000	-25,1
936,2000	-25,1
936,4000	-25,1
936,6000	-25,1
936,8000	-25,1
937,0000	-25,1
937,2000	-25,1
937,4000	-25,1
937,6000	-25,1
937,8000	-25,1
938,0000	-25,1
938,2000	-25,1
938,4000	-25,1
938,6000	-25,1
938,8000	-25,1
939,0000	-25,1
939,2000	-25,1
939,4000	-25,1
939,6000	-25,1
939,8000	-25,1
940,0000	-25,1
940,2000	-25,1
940,4000	-25,1
940,6000	-25,1
940,8000	-25,1
941,0000	-25,1
941,2000	-25,1
941,4000	-25,1
941,6000	-25,1
941,8000	-25,1
942,0000	-25,1
942,2000	-25,1
942,4000	-25,1
942,6000	-25,1
942,8000	-25,1
943,0000	-25,1
943,2000	-25,1
943,4000	-25,1
943,6000	-25,1
943,8000	-25,1
944,0000	-25,1
944,2000	-25,1
944,4000	-25,1
944,6000	-25,1
944,8000	-25,1
945,0000	-25,1
945,2000	-25,1
945,4000	-25,1
945,6000	-25,1
945,8000	-25,1
946,0000	-25,1
946,2000	-25,1
946,4000	-25,1
946,6000	-25,1
946,8000	-25,1
947,0000	-25,1
947,2000	-25,1
947,4000	-25,1
947,6000	-25,1
947,8000	-25,1
948,0000	-25,1
948,2000	-25,1
948,4000	-25,1
948,6000	-25,1
948,8000	-25,1
949,0000	-25,1
949,2000	-25,1
949,4000	-25,1
949,6000	-25,1
949,8000	-25,1
950,0000	-25,1
950,2000	-25,1
950,4000	-25,1
950,6000	-25,1
950,8000	-25,1
951,0000	-25,1
951,2000	-25,1
951,4000	-25,1
951,6000	-25,1
951,8000	-25,1
952,0000	-25,1
952,2000	-25,1
952,4000	-25,1
952,6000	-25,1
952,8000	-25,1
953,0000	-25,1
953,2000	-25,1
953,4000	-25,1
953,6000	-25,1
953,8000	-25,1
954,0000	-25,1
954,2000	-25,1
954,4000	-25,1
954,6000	-25,1
954,8000	-25,1
955,0000	-25,1
955,2000	-25,1
955,4000	-25,1
955,6000	-25,1
955,8000	-25,2
956,0000	-25,1
956,2000	-25,1
956,4000	-25,1
956,6000	-25,1
956,8000	-25,2
957,0000	-25,1
957,2000	-25,1
957,4000	-25,2
957,6000	-25,2
957,8000	-25,2
958,0000	-25,2
958,2000	-25,2
958,4000	-25,2
958,6000	-25,2
958,8000	-25,1
959,0000	-25,2
959,2000	-25,2
959,4000	-25,1
959,6000	-25,2
959,8000	-25,2
960,0000	-25,2
960,2000	-25,1
960,4000	-25,2
960,6000	-25,2
960,8000	-25,2
961,0000	-25,2
961,2000	-25,2
961,4000	-25,2
961,6000	-25,2
961,8000	-25,2
962,0000	-25,2
962,2000	-25,2
962,4000	-25,2
962,6000	-25,2
962,8000	-25,2
963,0000	-25,2
963,2000	-25,2
963,4000	-25,2
963,6000	-25,2
963,8000	-25,2
964,0000	-25,2
964,2000	-25,2
964,4000	-25,2
964,6000	-25,2
964,8000	-25,2
965,0000	-25,2
965,2000	-25,2
965,4000	-25,2
965,6000	-25,2
965,8000	-25,2
966,0000	-25,2
966,2000	-25,2
966,4000	-25,2
966,6000	-25,2
966,8000	-25,2
967,0000	-25,2
967,2000	-25,2
967,4000	-25,2
967,6000	-25,2
967,8000	-25,2
968,0000	-25,2
968,2000	-25,2
968,4000	-25,2
968,6000	-25,2
968,8000	-25,2
969,0000	-25,2
969,2000	-25,2
969,4000	-25,2
969,6000	-25,2
969,8000	-25,2
970,0000	-25,2
970,2000	-25,2
970,4000	-25,2
970,6000	-25,2
970,8000	-25,2
971,0000	-25,2
971,2000	-25,2
971,4000	-25,2
971,6000	-25,2
971,8000	-25,2
972,0000	-25,2
972,2000	-25,2
972,4000	-25,2
972,6000	-25,2
972,8000	-25,2
973,0000	-25,2
973,2000	-25,2
973,4000	-25,2
973,6000	-25,2
973,8000	-25,2
974,0000	-25,2
974,2000	-25,2
974,4000	-25,2
974,6000	-25,2
974,8000	-25,2
975,0000	-25,2
975,2000	-25,2
975,4000	-25,2
975,6000	-25,2
975,8000	-25,2
976,0000	-25,2
976,2000	-25,2
976,4000	-25,2
976,6000	-25,2
976,8000	-25,2
977,0000	-25,2
977,2000	-25,2
977,4000	-25,2
977,6000	-25,2
977,8000	-25,2
978,0000	-25,2
978,2000	-25,2
978,4000	-25,2
978,6000	-25,2
978,8000	-25,2
979,0000	-25,2
979,2000	-25,2
979,4000	-25,2
979,6000	-25,2
979,8000	-25,2
980,0000	-25,2
980,2000	-25,2
980,4000	-25,2
980,6000	-25,2
980,8000	-25,2
981,0000	-25,2
981,2000	-25,2
981,4000	-25,2
981,6000	-25,2
981,8000	-25,2
982,0000	-25,2
982,2000	-25,2
982,4000	-25,2
982,6000	-25,2
982,8000	-25,2
983,0000	-25,2
983,2000	-25,2
983,4000	-25,2
983,6000	-25,2
983,8000	-25,2
984,0000	-25,2
984,2000	-25,2
984,4000	-25,2
984,6000	-25,2
984,8000	-25,2
985,0000	-25,2
985,2000	-25,2
985,4000	-25,2
985,6000	-25,2
985,8000	-25,2
986,0000	-25,2
986,2000	-25,2
986,4000	-25,2
986,6000	-25,2
986,8000	-25,2
987,0000	-25,2
987,2000	-25,2
987,4000	-25,2
987,6000	-25,2
987,8000	-25,2
988,0000	-25,2
988,2000	-25,2
988,4000	-25,2
988,6000	-25,2
988,8000	-25,2
989,0000	-25,2
989,2000	-25,2
989,4000	-25,2
989,6000	-25,2
989,8000	-25,2
990,0000	-25,2
990,2000	-25,2
990,4000	-25,2
990,6000	-25,2
990,8000	-25,2
991,0000	-25,2
991,2000	-25,2
991,4000	-25,2
991,6000	-25,2
991,8000	-25,2
992,0000	-25,2
992,2000	-25,2
992,4000	-25,2
992,6000	-25,2
992,8000	-25,2
993,0000	-25,2
993,2000	-25,2
993,4000	-25,2
993,6000	-25,2
993,8000	-25,2
994,0000	-25,2
994,2000	-25,2
994,4000	-25,2
994,6000	-25,2
994,8000	-25,2
995,0000	-25,2
995,2000	-25,2
995,4000	-25,2
995,6000	-25,2
995,8000	-25,2
996,0000	-25,2
996,2000	-25,2
996,4000	-25,2
996,6000	-25,2
996,8000	-25,2
997,0000	-25,2
997,2000	-25,2
997,4000	-25,2
997,6000	-25,2
997,8000	-25,2
998,0000	-25,2
998,2000	-25,2
998,4000	-25,2
998,6000	-25,2
998,8000	-25,2
999,0000	-25,2
999,2000	-25,2
999,4000	-25,2
999,6000	-25,2
999,8000	-25,2
1000,0000	-25,2
1000,2000	-25,2
1000,4000	-25,2
1000,6000	-25,2
1000,8000	-25,2
1001,0000	-25,2
1001,2000	-25,2
1001,4000	-25,2
1001,6000	-25,2
1001,8000	-25,2
1002,0000	-25,2
1002,2000	-25,2
1002,4000	-25,2
1002,6000	-25,2
1002,8000	-25,2
1003,0000	-25,2
1003,2000	-25,2
1003,4000	-25,2
1003,6000	-25,2
1003,8000	-25,2
1004,0000	-25,2
1004,2000	-25,2
1004,4000	-25,2
1004,6000	-25,2
1004,8000	-25,2
1005,0000	-25,2
1005,2000	-25,2
1005,4000	-25,2
1005,6000	-25,2
1005,8000	-25,2
1006,0000	-25,2
1006,2000	-25,2
1006,4000	-25,2
1006,6000	-25,2
1006,8000	-25,2
1007,0000	-25,2
1007,2000	-25,2
1007,4000	-25,2
1007,6000	-25,2
1007,8000	-25,2
1008,0000	-25,2
1008,2000	-25,3
1008,4000	-25,3
1008,6000	-25,2
1008,8000	-25,2
1009,0000	-25,3
1009,2000	-25,2
1009,4000	-25,2
1009,6000	-25,2
1009,8000	-25,3
1010,0000	-25,2
1010,2000	-25,3
1010,4000	-25,2
1010,6000	-25,2
1010,8000	-25,3
1011,0000	-25,2
1011,2000	-25,2
1011,4000	-25,2
1011,6000	-25,2
1011,8000	-25,3
1012,0000	-25,2
1012,2000	-25,2
1012,4000	-25,3
1012,6000	-25,3
1012,8000	-25,2
1013,0000	-25,3
1013,2000	-25,3
1013,4000	-25,2
1013,6000	-25,3
1013,8000	-25,2
1014,0000	-25,3
1014,2000	-25,3
1014,4000	-25,3
1014,6000	-25,3
1014,8000	-25,3
1015,0000	-25,3
1015,2000	-25,3
1015,4000	-25,3
1015,6000	-25,3
1015,8000	-25,3
1016,0000	-25,3
1016,2000	-25,3
1016,4000	-25,3
1016,6000	-25,3
1016,8000	-25,3
1017,0000	-25,3
1017,2000	-25,3
1017,4000	-25,3
1017,6000	-25,3
1017,8000	-25,3
1018,0000	-25,3
1018,2000	-25,3
1018,4000	-25,3
1018,6000	-25,3
1018,8000	-25,3
1019,0000	-25,3
1019,2000	-25,3
1019,4000	-25,3
1019,6000	-25,3
1019,8000	-25,3
1020,0000	-25,3
1020,2000	-25,3
1020,4000	-25,3
1020,6000	-25,3
1020,8000	-25,3
1021,0000	-25,3
1021,2000	-25,3
1021,4000	-25,3
1021,6000	-25,3
1021,8000	-25,3
1022,0000	-25,3
1022,2000	-25,3
1022,4000	-25,3
1022,6000	-25,3
1022,8000	-25,3
1023,0000	-25,3
1023,2000	-25,3
1023,4000	-25,3
1023,6000	-25,3
1023,8000	-25,3
1024,0000	-25,3
1024,2000	-25,3
1024,4000	-25,3
1024,6000	-25,3
1024,8000	-25,3
1025,0000	-25,3
1025,2000	-25,3
1025,4000	-25,3
1025,6000	-25,3
1025,8000	-25,3
1026,0000	-25,3
1026,2000	-25,3
1026,4000	-25,3
1026,6000	-25,3
1026,8000	-25,3
1027,0000	-25,3
1027,2000	-25,3
1027,4000	-25,3
1027,6000	-25,3
1027,8000	-25,3
1028,0000	-25,3
1028,2000	-25,3
1028,4000	-25,3
1028,6000	-25,3
1028,8000	-25,3
1029,0000	-25,3
1029,2000	-25,3
1029,4000	-25,3
1029,6000	-25,3
1029,8000	-25,3
1030,0000	-25,3
1030,2000	-25,3
1030,4000	-25,3
1030,6000	-25,3
1030,8000	-25,3
1031,0000	-25,3
1031,2000	-25,3
1031,4000	-25,3
1031,6000	-25,3
1031,8000	-25,3
1032,0000	-25,3
1032,2000	-25,3
1032,4000	-25,3
1032,6000	-25,3
1032,8000	-25,3
1033,0000	-25,3
1033,2000	-25,3
1033,4000	-25,3
1033,6000	-25,3
1033,8000	-25,3
1034,0000	-25,3
1034,2000	-25,3
1034,4000	-25,3
1034,6000	-25,3
1034,8000	-25,3
1035,0000	-25,3
1035,2000	-25,3
1035,4000	-25,3
1035,6000	-25,3
1035,8000	-25,3
1036,0000	-25,3
1036,2000	-25,3
1036,4000	-25,3
1036,6000	-25,3
1036,8000	-25,3
1037,0000	-25,3
1037,2000	-25,3
1037,4000	-25,3
1037,6000	-25,3
1037,8000	-25,3
1038,0000	-25,3
1038,2000	-25,3
1038,4000	-25,3
1038,6000	-25,3
1038,8000	-25,3
1039,0000	-25,3
1039,2000	-25,3
1039,4000	-25,3
1039,6000	-25,3
1039,8000	-25,3
1040,0000	-25,3
1040,2000	-25,3
1040,4000	-25,3
1040,6000	-25,3
1040,8000	-25,3
1041,0000	-25,3
1041,2000	-25,3
1041,4000	-25,3
1041,6000	-25,3
1041,8000	-25,3
1042,0000	-25,3
1042,2000	-25,3
1042,4000	-25,3
1042,6000	-25,3
1042,8000	-25,3
1043,0000	-25,3
1043,2000	-25,3
1043,4000	-25,3
1043,6000	-25,3
1043,8000	-25,3
1044,0000	-25,3
1044,2000	-25,3
1044,4000	-25,3
1044,6000	-25,3
1044,8000	-25,3
1045,0000	-25,3
1045,2000	-25,3
1045,4000	-25,3
1045,6000	-25,3
1045,8000	-25,3
1046,0000	-25,3
1046,2000	-25,3
1046,4000	-25,3
1046,6000	-25,3
1046,8000	-25,3
1047,0000	-25,3
1047,2000	-25,3
1047,4000	-25,3
1047,6000	-25,3
1047,8000	-25,3
1048,0000	-25,3
1048,2000	-25,3
1048,4000	-25,3
1048,6000	-25,3
1048,8000	-25,3
1049,0000	-25,3
1049,2000	-25,3
1049,4000	-25,3
1049,6000	-25,3
1049,8000	-25,3
1050,0000	-25,3
1050,2000	-25,3
1050,4000	-25,3
1050,6000	-25,3
1050,8000	-25,3
1051,0000	-25,3
1051,2000	-25,3
1051,4000	-25,3
1051,6000	-25,3
1051,8000	-25,3
1052,0000	-25,3
1052,2000	-25,3
1052,4000	-25,3
1052,6000	-25,3
1052,8000	-25,3
1053,0000	-25,3
1053,2000	-25,3
1053,4000	-25,3
1053,6000	-25,3
1053,8000	-25,3
1054,0000	-25,3
1054,2000	-25,3
1054,4000	-25,3
1054,6000	-25,3
1054,8000	-25,3
1055,0000	-25,3
1055,2000	-25,3
1055,4000	-25,3
1055,6000	-25,3
1055,8000	-25,3
1056,0000	-25,3
1056,2000	-25,3
1056,4000	-25,3
1056,6000	-25,3
1056,8000	-25,3
1057,0000	-25,3
1057,2000	-25,3
1057,4000	-25,3
1057,6000	-25,3
1057,8000	-25,3
1058,0000	-25,3
1058,2000	-25,3
1058,4000	-25,3
1058,6000	-25,3
1058,8000	-25,3
1059,0000	-25,3
1059,2000	-25,3
1059,4000	-25,3
1059,6000	-25,3
1059,8000	-25,3
1060,0000	-25,3
1060,2000	-25,3
1060,4000	-25,3
1060,6000	-25,3
1060,8000	-25,4
1061,0000	-25,3
1061,2000	-25,3
1061,4000	-25,3
1061,6000	-25,3
1061,8000	-25,4
1062,0000	-25,4
1062,2000	-25,3
1062,4000	-25,4
1062,6000	-25,4
1062,8000	-25,4
1063,0000	-25,3
1063,2000	-25,3
1063,4000	-25,3
1063,6000	-25,3
1063,8000	-25,3
1064,0000	-25,4
1064,2000	-25,4
1064,4000	-25,4
1064,6000	-25,4
1064,8000	-25,4
1065,0000	-25,4
1065,2000	-25,4
1065,4000	-25,4
1065,6000	-25,4
1065,8000	-25,4
1066,0000	-25,4
1066,2000	-25,4
1066,4000	-25,4
1066,6000	-25,4
1066,8000	-25,4
1067,0000	-25,4
1067,2000	-25,4
1067,4000	-25,4
1067,6000	-25,4
1067,8000	-25,4
1068,0000	-25,4
1068,2000	-25,4
1068,4000	-25,4
1068,6000	-25,4
1068,8000	-25,4
1069,0000	-25,4
1069,2000	-25,4
1069,4000	-25,4
1069,6000	-25,4
1069,8000	-25,4
1070,0000	-25,4
1070,2000	-25,4
1070,4000	-25,4
1070,6000	-25,4
1070,8000	-25,4
1071,0000	-25,4
1071,2000	-25,4
1071,4000	-25,4
1071,6000	-25,4
1071,8000	-25,4
1072,0000	-25,4
1072,2000	-25,4
1072,4000	-25,4
1072,6000	-25,4
1072,8000	-25,4
1073,0000	-25,4
1073,2000	-25,4
1073,4000	-25,4
1073,6000	-25,4
1073,8000	-25,4
1074,0000	-25,4
1074,2000	-25,4
1074,4000	-25,4
1074,6000	-25,4
1074,8000	-25,4
1075,0000	-25,4
1075,2000	-25,4
1075,4000	-25,4
1075,6000	-25,4
1075,8000	-25,4
1076,0000	-25,4
1076,2000	-25,4
1076,4000	-25,4
1076,6000	-25,4
1076,8000	-25,4
1077,0000	-25,4
1077,2000	-25,4
1077,4000	-25,4
1077,6000	-25,4
1077,8000	-25,4
1078,0000	-25,4
1078,2000	-25,4
1078,4000	-25,4
1078,6000	-25,4
1078,8000	-25,4
1079,0000	-25,4
1079,2000	-25,4
1079,4000	-25,4
1079,6000	-25,4
1079,8000	-25,4
1080,0000	-25,4
1080,2000	-25,4
1080,4000	-25,4
1080,6000	-25,4
1080,8000	-25,4
1081,0000	-25,4
1081,2000	-25,4
1081,4000	-25,4
1081,6000	-25,4
1081,8000	-25,4
1082,0000	-25,4
1082,2000	-25,4
1082,4000	-25,4
1082,6000	-25,4
1082,8000	-25,4
1083,0000	-25,4
1083,2000	-25,4
1083,4000	-25,4
1083,6000	-25,4
1083,8000	-25,4
1084,0000	-25,4
1084,2000	-25,4
1084,4000	-25,4
1084,6000	-25,4
1084,8000	-25,4
1085,0000	-25,4
1085,2000	-25,4
1085,4000	-25,4
1085,6000	-25,4
1085,8000	-25,4
1086,0000	-25,4
1086,2000	-25,4
1086,4000	-25,4
1086,6000	-25,4
1086,8000	-25,4
1087,0000	-25,4
1087,2000	-25,4
1087,4000	-25,4
1087,6000	-25,4
1087,8000	-25,4
1088,0000	-25,4
1088,2000	-25,4
1088,4000	-25,4
1088,6000	-25,4
1088,8000	-25,4
1089,0000	-25,4
1089,2000	-25,4
1089,4000	-25,4
1089,6000	-25,4
1089,8000	-25,4
1090,0000	-25,4
1090,2000	-25,4
1090,4000	-25,4
1090,6000	-25,4
1090,8000	-25,4
1091,0000	-25,4
1091,2000	-25,4
1091,4000	-25,4
1091,6000	-25,4
1091,8000	-25,4
1092,0000	-25,4
1092,2000	-25,4
1092,4000	-25,4
1092,6000	-25,4
1092,8000	-25,4
1093,0000	-25,4
1093,2000	-25,4
1093,4000	-25,4
1093,6000	-25,4
1093,8000	-25,4
1094,0000	-25,4
1094,2000	-25,4
1094,4000	-25,4
1094,6000	-25,4
1094,8000	-25,4
1095,0000	-25,4
1095,2000	-25,4
1095,4000	-25,4
1095,6000	-25,4
1095,8000	-25,4
1096,0000	-25,4
1096,2000	-25,4
1096,4000	-25,4
1096,6000	-25,4
1096,8000	-25,4
1097,0000	-25,4
1097,2000	-25,4
1097,4000	-25,4
1097,6000	-25,4
1097,8000	-25,4
1098,0000	-25,4
1098,2000	-25,4
1098,4000	-25,4
1098,6000	-25,4
1098,8000	-25,4
1099,0000	-25,4
1099,2000	-25,4
1099,4000	-25,4
1099,6000	-25,4
1099,8000	-25,4
1100,0000	-25,4
1100,2000	-25,4
1100,4000	-25,4
1100,6000	-25,4
1100,8000	-25,4
1101,0000	-25,4
1101,2000	-25,4
1101,4000	-25,4
1101,6000	-25,4
1101,8000	-25,4
1102,0000	-25,4
1102,2000	-25,4
1102,4000	-25,4
1102,6000	-25,4
1102,8000	-25,4
1103,0000	-25,4
1103,2000	-25,4
1103,4000	-25,4
1103,6000	-25,4
1103,8000	-25,4
1104,0000	-25,4
1104,2000	-25,4
1104,4000	-25,4
1104,6000	-25,4
1104,8000	-25,4
1105,0000	-25,4
1105,2000	-25,4
1105,4000	-25,4
1105,6000	-25,4
1105,8000	-25,4
1106,0000	-25,4
1106,2000	-25,4
1106,4000	-25,4
1106,6000	-25,4
1106,8000	-25,4
1107,0000	-25,4
1107,2000	-25,4
1107,4000	-25,4
1107,6000	-25,4
1107,8000	-25,4
1108,0000	-25,4
1108,2000	-25,4
1108,4000	-25,4
1108,6000	-25,4
1108,8000	-25,4
1109,0000	-25,4
1109,2000	-25,4
1109,4000	-25,4
1109,6000	-25,4
1109,8000	-25,4
1110,0000	-25,4
1110,2000	-25,4
1110,4000	-25,4
1110,6000	-25,4
1110,8000	-25,4
1111,0000	-25,4
1111,2000	-25,4
1111,4000	-25,4
1111,6000	-25,4
1111,8000	-25,4
1112,0000	-25,4
1112,2000	-25,4
1112,4000	-25,4
1112,6000	-25,4
1112,8000	-25,4
1113,0000	-25,4
1113,2000	-25,4
1113,4000	-25,4
1113,6000	-25,4
1113,8000	-25,4
1114,0000	-25,4
1114,2000	-25,4
1114,4000	-25,4
1114,6000	-25,4
1114,8000	-25,4
1115,0000	-25,4
1115,2000	-25,4
1115,4000	-25,4
1115,6000	-25,4
1115,8000	-25,4
1116,0000	-25,4
1116,2000	-25,4
1116,4000	-25,4
1116,6000	-25,4
1116,8000	-25,4
1117,0000	-25,4
1117,2000	-25,4
1117,4000	-25,4
1117,6000	-25,4
1117,8000	-25,4
1118,0000	-25,4
1118,2000	-25,4
1118,4000	-25,4
1118,6000	-25,4
1118,8000	-25,4
1119,0000	-25,4
1119,2000	-25,4
1119,4000	-25,4
1119,6000	-25,4
1119,8000	-25,4
1120,0000	-25,4
1120,2000	-25,4
1120,4000	-25,4
1120,6000	-25,4
1120,8000	-25,4
1121,0000	-25,4
1121,2000	-25,4
1121,4000	-25,4
1121,6000	-25,4
1121,8000	-25,4
1122,0000	-25,4
1122,2000	-25,4
1122,4000	-25,4
1122,6000	-25,4
1122,8000	-25,4
1123,0000	-25,4
1123,2000	-25,4
1123,4000	-25,4
1123,6000	-25,4
1123,8000	-25,4
1124,0000	-25,4
1124,2000	-25,4
1124,4000	-25,4
1124,6000	-25,4
1124,8000	-25,4
1125,0000	-25,4
1125,2000	-25,4
1125,4000	-25,4
1125,6000	-25,4
1125,8000	-25,4
1126,0000	-25,4
1126,2000	-25,4
1126,4000	-25,4
1126,6000	-25,4
1126,8000	-25,4
1127,0000	-25,4
1127,2000	-25,4
1127,4000	-25,4
1127,6000	-25,4
1127,8000	-25,4
1128,0000	-25,4
1128,2000	-25,4
1128,4000	-25,4
1128,6000	-25,4
1128,8000	-25,4
1129,0000	-25,4
1129,2000	-25,4
1129,4000	-25,4
1129,6000	-25,4
1129,8000	-25,4
1130,0000	-25,4
1130,2000	-25,4
1130,4000	-25,4
1130,6000	-25,4
1130,8000	-25,4
1131,0000	-25,4
1131,2000	-25,4
1131,4000	-25,4
1131,6000	-25,4
1131,8000	-25,4
1132,0000	-25,4
1132,2000	-25,4
1132,4000	-25,4
1132,6000	-25,4
1132,8000	-25,4
1133,0000	-25,4
1133,2000	-25,4
1133,4000	-25,4
1133,6000	-25,4
1133,8000	-25,4
1134,0000	-25,4
1134,2000	-25,4
1134,4000	-25,4
1134,6000	-25,4
1134,8000	-25,4
1135,0000	-25,4
1135,2000	-25,4
1135,4000	-25,4
1135,6000	-25,4
1135,8000	-25,4
1136,0000	-25,4
1136,2000	-25,4
1136,4000	-25,4
1136,6000	-25,4
1136,8000	-25,4
1137,0000	-25,4
1137,2000	-25,4
1137,4000	-25,4
1137,6000	-25,4
1137,8000	-25,4
1138,0000	-25,4
1138,2000	-25,4
1138,4000	-25,4
1138,6000	-25,4
1138,8000	-25,4
1139,0000	-25,4
1139,2000	-25,4
1139,4000	-25,4
1139,6000	-25,4
1139,8000	-25,4
1140,0000	-25,4
1140,2000	-25,4
1140,4000	-25,4
1140,6000	-25,4
1140,8000	-25,4
1141,0000	-25,4
1141,2000	-25,4
1141,4000	-25,4
1141,6000	-25,4
1141,8000	-25,4
1142,0000	-25,4
1142,2000	-25,4
1142,4000	-25,4
1142,6000	-25,4
1142,8000	-25,4
1143,0000	-25,4
1143,2000	-25,4
1143,4000	-25,4
1143,6000	-25,4
1143,8000	-25,4
1144,0000	-25,4
1144,2000	-25,4
1144,4000	-25,4
1144,6000	-25,4
1144,8000	-25,4
1145,0000	-25,4
1145,2000	-25,4
1145,4000	-25,4
1145,6000	-25,4
1145,8000	-25,4
1146,0000	-25,4
1146,2000	-25,4
1146,4000	-25,4
1146,6000	-25,4
1146,8000	-25,4
1147,0000	-25,4
1147,2000	-25,4
1147,4000	-25,4
1147,6000	-25,4
1147,8000	-25,4
1148,0000	-25,4
1148,2000	-25,4
1148,4000	-25,4
1148,6000	-25,4
1148,8000	-25,4
1149,0000	-25,4
1149,2000	-25,4
1149,4000	-25,4
1149,6000	-25,4
1149,8000	-25,4
1150,0000	-25,4
1150,2000	-25,4
1150,4000	-25,4
1150,6000	-25,4
1150,8000	-25,4
1151,0000	-25,4
1151,2000	-25,4
1151,4000	-25,4
1151,6000	-25,4
1151,8000	-25,4
1152,0000	-25,4
1152,2000	-25,4
1152,4000	-25,4
1152,6000	-25,4
1152,8000	-25,4
1153,0000	-25,4
1153,2000	-25,4
1153,4000	-25,4
1153,6000	-25,4
1153,8000	-25,4
1154,0000	-25,4
1154,2000	-25,4
1154,4000	-25,4
1154,6000	-25,4
1154,8000	-25,4
1155,0000	-25,4
1155,2000	-25,4
1155,4000	-25,4
1155,6000	-25,4
1155,8000	-25,4
1156,0000	-25,4
1156,2000	-25,4
1156,4000	-25,4
1156,6000	-25,4
1156,8000	-25,4
1157,0000	-25,4
1157,2000	-25,4
1157,4000	-25,4
1157,6000	-25,4
1157,8000	-25,4
1158,0000	-25,4
1158,2000	-25,4
1158,4000	-25,4
1158,6000	-25,4
1158,8000	-25,4
1159,0000	-25,4
1159,2000	-25,4
1159,4000	-25,4
1159,6000	-25,4
1159,8000	-25,4
1160,0000	-25,4
1160,2000	-25,4
1160,4000	-25,4
1160,6000	-25,4
1160,8000	-25,4
1161,0000	-25,4
1161,2000	-25,4
1161,4000	-25,4
1161,6000	-25,4
1161,8000	-25,4
1162,0000	-25,4
1162,2000	-25,4
1162,4000	-25,4
1162,6000	-25,4
1162,8000	-25,4
1163,0000	-25,4
1163,2000	-25,4
1163,4000	-25,4
1163,6000	-25,4
1163,8000	-25,4
1164,0000	-25,4
1164,2000	-25,4
1164,4000	-25,4
1164,6000	-25,4
1164,8000	-25,4
1165,0000	-25,4
