Absolutdruck 1, Messreihe #1
Zeit ( s )	Absolutdruck 1 ( kPa )
0,0000	104,85
0,1000	131,06
0,2000	177,62
0,3000	110,76
0,4000	111,41
0,5000	177,99
0,6000	129,68
0,7000	110,01
0,8000	165,21
0,9000	134,67
1,0000	101,94
1,1000	161,87
1,2000	138,84
1,3000	101,73
1,4000	158,24
1,5000	165,36
1,6000	101,82
1,7000	133,24
1,8000	168,94
1,9000	108,93
2,0000	129,89
2,1000	179,15
2,2000	111,22
2,3000	111,05
2,4000	178,97
2,5000	132,95
2,6000	109,12
2,7000	164,35
2,8000	137,36
2,9000	101,94
3,0000	160,72
3,1000	141,83
3,2000	101,90
3,3000	156,86
3,4000	168,40
3,5000	102,16
3,6000	131,83
3,7000	171,58
3,8000	110,40
3,9000	128,25
4,0000	180,02
4,1000	112,85
4,2000	109,99
4,3000	179,28
4,4000	135,95
4,5000	108,01
4,6000	162,75
4,7000	140,52
4,8000	101,93
4,9000	158,78
5,0000	167,62
5,1000	102,00
5,2000	154,84
5,3000	171,09
5,4000	102,41
5,5000	129,57
5,6000	174,02
5,7000	112,12
5,8000	125,97
5,9000	179,90
6,0000	114,97
6,1000	108,66
6,2000	178,69
6,3000	139,30
6,4000	106,76
6,5000	160,04
6,6000	144,10
6,7000	101,94
6,8000	155,96
6,9000	170,45
7,0000	102,21
7,1000	130,54
7,2000	173,48
7,3000	102,76
7,4000	126,82
7,5000	176,01
7,6000	114,13
7,7000	123,35
7,8000	179,08
7,9000	117,40
8,0000	107,02
8,1000	177,24
8,2000	143,29
8,3000	105,35
8,4000	156,69
8,5000	148,11
8,6000	102,08
8,7000	152,75
8,8000	173,04
8,9000	102,58
9,0000	127,37
9,1000	175,79
9,2000	113,73
9,3000	123,76
9,4000	178,02
9,5000	116,87
9,6000	120,28
9,7000	177,66
9,8000	120,65
9,9000	105,53
10,0000	175,49
10,1000	147,38
10,2000	104,13
10,3000	153,25
10,4000	152,10
10,5000	102,41
10,6000	149,07
10,7000	175,45
10,8000	103,25
10,9000	124,18
11,0000	177,74
11,1000	116,34
11,2000	120,73
11,3000	179,48
11,4000	119,92
11,5000	117,51
11,6000	175,81
11,7000	123,76
11,8000	104,20
11,9000	173,13
12,0000	151,39
12,1000	103,16
12,2000	149,79
12,3000	155,70
12,4000	102,97
12,5000	145,54
12,6000	177,48
12,7000	104,12
12,8000	121,27
12,9000	179,30
13,0000	119,30
13,1000	117,97
13,2000	176,25
13,3000	123,06
13,4000	114,98
13,5000	173,73
13,6000	127,05
13,7000	103,27
13,8000	170,77
13,9000	155,03
14,0000	102,42
14,1000	146,05
14,2000	159,64
14,3000	103,92
14,4000	141,42
14,5000	179,28
14,6000	105,47
14,7000	118,13
14,8000	180,54
14,9000	122,71
15,0000	115,07
15,1000	173,94
15,2000	126,93
15,3000	103,32
15,4000	170,90
15,5000	131,05
15,6000	102,44
15,7000	167,34
15,8000	159,45
15,9000	101,81
16,0000	141,81
16,1000	163,71
16,2000	105,17
16,3000	137,50
16,4000	180,53
16,5000	107,11
16,6000	115,42
16,7000	181,08
16,8000	126,40
16,9000	112,69
17,0000	171,33
17,1000	130,47
17,2000	102,50
17,3000	167,98
17,4000	158,84
17,5000	101,82
17,6000	164,02
17,7000	163,24
17,8000	101,50
17,9000	138,05
18,0000	167,31
18,1000	106,70
18,2000	134,06
18,3000	181,12
18,4000	108,78
18,5000	113,19
18,6000	181,31
18,7000	129,70
18,8000	110,76
18,9000	168,69
19,0000	134,06
19,1000	101,84
19,2000	164,94
19,3000	162,63
19,4000	101,55
19,5000	138,86
19,6000	166,94
19,7000	101,47
19,8000	134,62
19,9000	170,69
20,0000	108,58
20,1000	130,48
20,2000	181,28
20,3000	111,08
20,4000	110,91
20,5000	180,81
20,6000	133,94
20,7000	108,61
20,8000	165,06
20,9000	138,86
21,0000	101,48
21,1000	160,89
21,2000	166,70
21,3000	101,43
21,4000	134,81
21,5000	170,63
21,6000	101,70
21,7000	130,58
21,8000	173,96
21,9000	111,04
22,0000	126,63
22,1000	180,93
22,2000	114,16
22,3000	108,53
22,4000	179,69
22,5000	139,05
22,6000	106,54
22,7000	160,93
22,8000	144,05
22,9000	101,39
23,0000	156,50
23,1000	171,01
23,2000	101,70
23,3000	130,35
23,4000	174,24
23,5000	111,24
23,6000	126,43
23,7000	177,10
23,8000	114,37
23,9000	122,54
24,0000	179,61
24,1000	117,95
24,2000	106,33
24,3000	177,54
24,4000	144,74
24,5000	104,64
24,6000	155,84
24,7000	149,98
24,8000	101,78
24,9000	151,48
25,0000	174,83
25,1000	102,52
25,2000	125,51
25,3000	177,76
25,4000	115,05
25,5000	121,64
25,6000	179,29
25,7000	118,80
25,8000	118,05
25,9000	176,97
26,0000	123,02
26,1000	104,24
26,2000	174,10
26,3000	151,21
26,4000	103,00
26,5000	150,25
26,6000	155,97
26,7000	102,65
26,8000	145,52
26,9000	178,21
27,0000	103,97
27,1000	120,87
27,2000	180,13
27,3000	119,66
27,4000	117,32
27,5000	176,53
27,6000	123,75
27,7000	103,93
27,8000	173,50
27,9000	128,20
28,0000	102,80
28,1000	170,18
28,2000	156,82
28,3000	101,94
28,4000	144,81
28,5000	161,57
28,6000	104,16
28,7000	140,05
28,8000	180,47
28,9000	105,88
29,0000	116,82
29,1000	181,49
29,2000	124,56
29,3000	113,79
29,4000	173,09
29,5000	128,95
29,6000	102,58
29,7000	169,64
29,8000	133,66
29,9000	101,84
30,0000	165,72
30,1000	162,47
30,2000	101,43
30,3000	139,38
30,4000	166,97
30,5000	106,13
30,6000	134,82
30,7000	181,66
30,8000	108,35
30,9000	113,49
31,0000	181,84
31,1000	129,32
31,2000	110,88
31,3000	169,45
31,4000	134,05
31,5000	101,80
31,6000	165,58
31,7000	162,77
31,8000	101,33
31,9000	161,27
32,0000	167,35
32,1000	101,30
32,2000	134,56
32,3000	171,36
32,4000	108,53
32,5000	130,31
32,6000	181,90
32,7000	111,19
32,8000	110,64
32,9000	181,40
33,0000	134,60
33,1000	108,27
33,2000	165,14
33,3000	139,51
33,4000	101,34
33,5000	160,88
33,6000	167,73
33,7000	101,24
33,8000	134,15
33,9000	171,75
34,0000	101,61
34,1000	129,93
34,2000	175,18
34,3000	111,48
34,4000	125,94
34,5000	181,24
34,6000	114,64
34,7000	108,03
34,8000	179,94
34,9000	140,35
35,0000	106,09
35,1000	160,45
35,2000	145,43
35,3000	101,34
35,4000	155,87
35,5000	172,34
35,6000	101,67
35,7000	129,43
35,8000	175,54
35,9000	111,83
36,0000	125,37
36,1000	178,27
36,2000	115,33
36,3000	121,56
36,4000	179,67
36,5000	119,14
36,6000	105,67
36,7000	177,34
36,8000	146,42
36,9000	104,03
37,0000	154,87
37,1000	151,58
37,2000	101,80
37,3000	150,32
37,4000	176,22
37,5000	102,62
37,6000	124,53
37,7000	178,80
37,8000	116,10
37,9000	120,73
38,0000	180,86
38,1000	120,03
38,2000	117,18
38,3000	176,85
38,4000	124,29
38,5000	103,71
38,6000	173,83
38,7000	152,82
38,8000	102,63
38,9000	149,19
39,0000	157,67
39,1000	102,88
39,2000	144,57
39,3000	179,50
39,4000	104,33
39,5000	119,92
39,6000	181,21
39,7000	120,99
39,8000	116,45
39,9000	176,29
40,0000	125,33
40,1000	113,16
40,2000	172,95
40,3000	130,00
40,4000	102,37
40,5000	169,23
40,6000	159,26
40,7000	101,67
40,8000	143,11
40,9000	164,06
41,0000	104,77
41,1000	138,25
41,2000	181,76
41,3000	106,88
41,4000	115,35
41,5000	182,39
41,6000	126,87
41,7000	112,33
41,8000	172,04
41,9000	131,47
42,0000	102,14
42,1000	168,04
42,2000	136,56
42,3000	101,50
42,4000	163,95
42,5000	165,46
42,6000	101,28
42,7000	137,06
42,8000	169,93
42,9000	107,42
43,0000	132,55
43,1000	182,55
43,2000	109,88
43,3000	111,82
43,4000	182,25
43,5000	132,72
43,6000	109,34
43,7000	167,31
43,8000	137,61
43,9000	101,42
44,0000	163,12
44,1000	166,61
44,2000	101,28
44,3000	158,58
44,4000	170,72
44,5000	101,45
44,6000	131,78
44,7000	174,45
44,8000	110,46
44,9000	127,51
45,0000	182,23
45,1000	113,52
45,2000	108,90
45,3000	181,00
45,4000	138,70
45,5000	106,75
45,6000	162,25
45,7000	144,04
45,8000	101,28
45,9000	157,62
46,0000	171,57
46,1000	101,51
46,2000	130,91
46,3000	175,14
46,4000	102,20
46,5000	126,70
46,6000	178,13
46,7000	114,29
46,8000	122,90
46,9000	180,69
47,0000	117,95
47,1000	106,27
47,2000	178,59
47,3000	145,34
47,4000	104,53
47,5000	156,62
47,6000	150,68
47,7000	101,70
47,8000	151,95
47,9000	176,00
48,0000	102,44
48,1000	125,65
48,2000	178,88
48,3000	103,61
48,4000	121,81
48,5000	180,91
48,6000	119,20
48,7000	118,26
48,8000	178,03
48,9000	123,60
49,0000	104,17
49,1000	175,13
49,2000	151,97
49,3000	102,83
49,4000	150,61
49,5000	157,23
49,6000	102,74
49,7000	145,76
49,8000	179,52
49,9000	104,02
50,0000	120,71
50,1000	181,42
50,2000	120,36
50,3000	117,22
50,4000	182,50
50,5000	124,80
50,6000	113,96
50,7000	174,37
50,8000	129,26
50,9000	102,63
51,0000	170,57
51,1000	158,63
51,2000	101,75
51,3000	144,42
51,4000	163,43
51,5000	104,44
51,6000	139,35
51,7000	181,86
51,8000	106,43
51,9000	116,13
52,0000	182,76
52,1000	126,31
52,2000	112,97
52,3000	173,01
52,4000	130,94
52,5000	110,27
52,6000	169,03
52,7000	136,11
52,8000	101,56
52,9000	164,67
53,0000	165,27
53,1000	101,28
53,2000	137,59
53,3000	169,84
53,4000	107,26
53,5000	133,00
53,6000	183,02
53,7000	109,85
53,8000	111,97
53,9000	182,79
54,0000	132,71
54,1000	109,45
54,2000	167,75
54,3000	137,80
54,4000	101,40
54,5000	163,28
54,6000	143,18
54,7000	101,27
54,8000	158,70
54,9000	171,23
55,0000	101,48
55,1000	131,89
55,2000	174,84
55,3000	110,46
55,4000	127,63
55,5000	182,63
55,6000	113,47
55,7000	109,00
55,8000	181,45
55,9000	138,64
56,0000	106,86
56,1000	162,70
56,2000	143,82
56,3000	101,24
56,4000	158,27
56,5000	148,97
56,6000	101,51
56,7000	153,94
56,8000	175,22
56,9000	102,10
57,0000	127,52
57,1000	178,02
57,2000	113,68
57,3000	123,71
57,4000	181,54
57,5000	117,23
57,6000	106,82
57,7000	179,64
57,8000	144,09
57,9000	105,05
58,0000	158,27
58,1000	149,15
58,2000	101,49
58,3000	153,91
58,4000	175,15
58,5000	102,06
58,6000	149,63
58,7000	177,91
58,8000	102,91
58,9000	124,03
59,0000	180,27
59,1000	116,94
59,2000	120,47
59,3000	179,97
59,4000	120,68
59,5000	105,22
59,6000	177,54
59,7000	148,68
59,8000	103,76
59,9000	154,47
60,0000	153,44
60,1000	101,97
60,2000	150,15
60,3000	177,73
60,4000	102,82
60,5000	124,39
60,6000	180,18
60,7000	104,10
60,8000	120,71
60,9000	181,90
61,0000	120,49
61,1000	117,29
61,2000	177,80
61,3000	124,54
61,4000	103,91
61,5000	174,96
61,6000	153,22
61,7000	102,78
61,8000	150,53
61,9000	157,97
62,0000	102,78
62,1000	145,97
62,2000	180,15
62,3000	104,11
62,4000	120,96
62,5000	181,83
62,6000	120,29
62,7000	117,44
62,8000	182,99
62,9000	124,34
63,0000	114,38
63,1000	174,98
63,2000	128,85
63,3000	102,74
63,4000	171,59
63,5000	158,21
63,6000	101,93
63,7000	145,60
63,8000	162,83
63,9000	104,18
64,0000	140,64
64,1000	182,10
64,2000	106,05
64,3000	116,83
64,4000	183,23
64,5000	125,25
64,6000	113,72
64,7000	174,23
64,8000	130,00
64,9000	110,97
65,0000	170,61
65,1000	134,86
65,2000	101,74
65,3000	166,46
65,4000	164,18
65,5000	101,28
65,6000	139,31
65,7000	168,91
65,8000	106,57
65,9000	134,64
66,0000	183,32
66,1000	108,91
66,2000	113,02
66,3000	183,47
66,4000	131,29
66,5000	110,34
66,6000	169,68
66,7000	136,12
66,8000	107,98
66,9000	165,41
67,0000	141,28
67,1000	101,28
67,2000	160,77
67,3000	170,10
67,4000	101,32
67,5000	133,53
67,6000	174,03
67,7000	109,54
67,8000	129,30
67,9000	183,38
68,0000	112,50
68,1000	109,84
68,2000	182,45
68,3000	137,31
68,4000	107,49
68,5000	164,32
68,6000	142,49
68,7000	101,25
68,8000	159,79
68,9000	147,92
69,0000	101,41
69,1000	155,19
69,2000	174,78
69,3000	101,89
69,4000	128,54
69,5000	177,85
69,6000	113,04
69,7000	124,72
69,8000	182,29
69,9000	116,56
70,0000	107,18
70,1000	180,41
70,2000	143,41
70,3000	105,31
70,4000	159,19
70,5000	148,66
70,6000	101,46
70,7000	154,66
70,8000	175,15
70,9000	101,92
71,0000	150,26
71,1000	178,14
71,2000	102,85
71,3000	124,44
71,4000	180,47
71,5000	116,81
71,6000	120,64
71,7000	180,38
71,8000	120,75
71,9000	105,24
72,0000	177,82
72,1000	148,80
72,2000	103,76
72,3000	154,56
72,4000	153,97
72,5000	101,95
72,6000	150,05
72,7000	178,37
72,8000	102,92
72,9000	124,24
73,0000	180,62
73,1000	104,28
73,2000	120,32
73,3000	182,54
73,4000	121,34
73,5000	116,90
73,6000	177,72
73,7000	125,46
73,8000	103,56
73,9000	174,46
74,0000	154,63
74,1000	102,52
74,2000	149,43
74,3000	159,57
74,4000	103,15
74,5000	144,74
74,6000	181,08
74,7000	104,58
74,8000	119,69
74,9000	182,60
75,0000	106,50
75,1000	116,21
75,2000	183,65
75,3000	126,51
75,4000	113,07
75,5000	173,74
75,6000	131,20
75,7000	102,27
75,8000	169,90
75,9000	160,86
76,0000	101,62
76,1000	143,16
76,2000	165,72
76,3000	105,03
76,4000	138,32
76,5000	183,06
76,6000	107,14
76,7000	115,25
76,8000	183,74
76,9000	127,84
77,0000	112,19
77,1000	183,60
77,2000	132,58
77,3000	109,76
77,4000	168,93
77,5000	137,56
77,6000	101,47
77,7000	164,45
77,8000	167,13
77,9000	101,25
78,0000	137,20
78,1000	171,19
78,2000	107,69
78,3000	132,55
78,4000	183,88
78,5000	110,38
78,6000	111,64
78,7000	183,60
78,8000	133,76
78,9000	109,12
79,0000	167,71
79,1000	138,99
79,2000	106,88
79,3000	163,17
79,4000	144,46
79,5000	101,25
79,6000	158,49
79,7000	172,43
79,8000	101,48
79,9000	131,26
80,0000	176,15
80,1000	111,21
80,2000	126,98
80,3000	183,29
80,4000	114,44
80,5000	108,50
80,6000	181,87
80,7000	140,41
80,8000	106,34
80,9000	161,79
81,0000	145,95
81,1000	101,26
81,2000	157,19
81,3000	151,24
81,4000	101,67
81,5000	152,43
81,6000	177,06
81,7000	102,38
81,8000	125,99
81,9000	179,77
82,0000	115,27
82,1000	122,06
82,2000	181,34
82,3000	119,20
82,4000	105,86
82,5000	178,86
82,6000	147,37
82,7000	104,20
82,8000	156,09
82,9000	152,41
83,0000	101,72
83,1000	151,31
83,2000	177,81
83,3000	102,61
83,4000	146,51
83,5000	180,59
83,6000	103,91
83,7000	121,00
83,8000	182,44
83,9000	120,40
84,0000	117,46
84,1000	178,23
84,2000	124,83
84,3000	103,80
84,4000	175,10
84,5000	154,00
84,6000	102,68
84,7000	150,20
84,8000	158,82
84,9000	102,85
85,0000	145,33
85,1000	180,93
85,2000	104,29
85,3000	120,24
85,4000	182,81
85,5000	106,14
85,6000	116,81
85,7000	183,73
85,8000	125,74
85,9000	113,78
86,0000	174,67
86,1000	130,19
86,2000	102,44
86,3000	171,06
86,4000	159,65
86,5000	101,67
86,6000	144,50
86,7000	164,72
86,8000	104,57
86,9000	139,47
87,0000	183,06
87,1000	106,59
87,2000	116,05
87,3000	183,94
87,4000	109,00
87,5000	113,01
87,6000	183,98
87,7000	131,56
87,8000	110,29
87,9000	169,88
88,0000	136,58
88,1000	101,52
88,2000	165,46
88,3000	166,13
88,4000	101,21
88,5000	138,08
88,6000	170,75
88,7000	107,32
88,8000	133,44
88,9000	184,01
89,0000	109,80
89,1000	112,14
89,2000	183,85
89,3000	132,96
89,4000	109,63
89,5000	182,83
89,6000	138,05
89,7000	107,22
89,8000	164,14
89,9000	143,47
90,0000	101,23
90,1000	159,45
90,2000	171,88
90,3000	101,38
90,4000	132,13
90,5000	175,74
90,6000	110,63
90,7000	127,85
90,8000	183,65
90,9000	113,79
91,0000	108,82
91,1000	182,37
91,2000	139,70
91,3000	106,60
91,4000	162,53
91,5000	145,24
91,6000	104,60
91,7000	157,53
91,8000	150,89
91,9000	101,53
92,0000	152,75
92,1000	177,05
92,2000	102,26
92,3000	126,20
92,4000	179,78
92,5000	115,10
92,6000	122,14
92,7000	181,58
92,8000	119,06
92,9000	105,93
93,0000	179,25
93,1000	147,01
93,2000	104,16
93,3000	156,09
93,4000	152,48
93,5000	102,93
93,6000	151,37
93,7000	157,62
93,8000	102,50
93,9000	146,53
94,0000	180,52
94,1000	103,76
94,2000	121,08
94,3000	182,48
94,4000	120,36
94,5000	117,50
94,6000	178,52
94,7000	124,67
94,8000	103,76
94,9000	175,42
95,0000	153,80
95,1000	102,63
95,2000	150,26
95,3000	158,91
95,4000	102,78
95,5000	145,41
95,6000	163,88
95,7000	104,19
95,8000	140,47
95,9000	182,96
96,0000	106,16
96,1000	116,81
96,2000	183,94
96,3000	125,84
96,4000	113,60
96,5000	174,54
96,6000	130,46
96,7000	102,35
96,8000	170,82
96,9000	160,09
97,0000	101,64
97,1000	144,28
97,2000	165,20
97,3000	104,65
97,4000	139,42
97,5000	183,27
97,6000	106,58
97,7000	134,66
97,8000	184,08
97,9000	109,02
98,0000	113,02
98,1000	184,11
98,2000	131,32
98,3000	110,32
98,4000	170,03
98,5000	136,36
98,6000	101,45
98,7000	165,81
98,8000	166,02
98,9000	101,17
99,0000	138,44
99,1000	170,54
99,2000	106,97
99,3000	133,93
99,4000	184,20
99,5000	109,33
99,6000	112,52
99,7000	183,96
99,8000	112,11
99,9000	110,01
100,0000	183,22
100,1000	136,94
100,2000	107,72
100,3000	165,49
100,4000	142,12
100,5000	101,15
100,6000	160,90
100,7000	170,89
100,8000	101,20
100,9000	133,54
101,0000	174,70
101,1000	109,61
101,2000	129,33
101,3000	183,96
101,4000	112,40
101,5000	109,81
101,6000	183,11
101,7000	115,87
101,8000	107,59
101,9000	181,43
102,0000	142,63
102,1000	105,62
102,2000	160,55
102,3000	147,90
102,4000	101,25
102,5000	155,82
102,6000	174,98
102,7000	101,73
102,8000	128,87
102,9000	178,21
103,0000	112,80
103,1000	124,85
103,2000	183,01
103,3000	116,42
103,4000	107,26
103,5000	181,15
103,6000	143,37
103,7000	105,35
103,8000	178,75
103,9000	148,50
104,0000	103,77
104,1000	155,04
104,2000	154,00
104,3000	101,84
104,4000	150,37
104,5000	178,68
104,6000	102,70
104,7000	124,21
104,8000	181,27
104,9000	117,02
105,0000	120,48
105,1000	180,75
105,2000	121,18
105,3000	105,03
105,4000	178,26
105,5000	149,34
105,6000	103,57
105,7000	154,41
105,8000	154,71
105,9000	102,46
106,0000	149,60
106,1000	159,71
106,2000	102,92
106,3000	144,68
106,4000	181,70
106,5000	104,40
106,6000	119,87
106,7000	183,29
106,8000	121,90
106,9000	116,37
107,0000	177,74
107,1000	126,25
107,2000	103,33
107,3000	174,24
107,4000	155,98
107,5000	102,17
107,6000	148,39
107,7000	161,13
107,8000	103,25
107,9000	143,32
108,0000	166,05
108,1000	104,95
108,2000	138,35
108,3000	183,70
108,4000	107,04
108,5000	115,25
108,6000	184,41
108,7000	127,84
108,8000	112,32
108,9000	173,04
109,0000	132,62
109,1000	101,98
109,2000	169,05
109,3000	162,53
109,4000	101,37
109,5000	141,94
109,6000	167,25
109,7000	105,36
109,8000	137,17
109,9000	171,80
110,0000	107,62
110,1000	132,59
110,2000	184,33
110,3000	110,18
110,4000	111,69
110,5000	183,97
110,6000	133,74
110,7000	109,12
110,8000	168,18
110,9000	138,84
111,0000	101,28
111,1000	163,51
111,2000	168,53
111,3000	101,09
111,4000	135,98
111,5000	172,78
111,6000	108,19
111,7000	131,53
111,8000	184,30
111,9000	110,92
112,0000	127,30
112,1000	183,72
112,2000	114,26
112,3000	108,54
112,4000	182,44
112,5000	140,36
112,6000	106,34
112,7000	162,36
112,8000	145,83
112,9000	101,07
113,0000	157,53
113,1000	173,98
113,2000	101,46
113,3000	130,37
113,4000	177,35
113,5000	111,83
113,6000	126,13
113,7000	183,46
113,8000	115,35
113,9000	107,80
114,0000	181,78
114,1000	119,19
114,2000	105,65
114,3000	179,28
114,4000	147,78
114,5000	103,97
114,6000	155,79
114,7000	153,31
114,8000	101,68
114,9000	151,04
115,0000	178,55
115,1000	102,58
115,2000	124,58
115,3000	181,22
115,4000	116,80
115,5000	120,58
115,6000	181,03
115,7000	121,05
115,8000	105,00
115,9000	178,20
116,0000	125,61
116,1000	103,48
116,2000	174,95
116,3000	155,07
116,4000	102,36
116,5000	149,36
116,6000	160,27
116,7000	103,02
116,8000	144,12
116,9000	181,91
117,0000	104,59
117,1000	119,20
117,2000	183,54
117,3000	122,54
117,4000	115,56
117,5000	177,05
117,6000	127,43
117,7000	103,00
117,8000	173,53
117,9000	157,10
118,0000	102,04
118,1000	147,51
118,2000	162,17
118,3000	101,35
118,4000	142,28
118,5000	167,23
118,6000	105,33
118,7000	137,37
118,8000	184,08
118,9000	107,54
119,0000	114,53
119,1000	184,43
119,2000	128,86
119,3000	111,59
119,4000	172,19
119,5000	133,96
119,6000	101,74
119,7000	168,15
119,8000	163,77
119,9000	101,24
120,0000	140,69
120,1000	168,75
120,2000	101,09
120,3000	135,82
120,4000	173,11
120,5000	108,33
120,6000	131,23
120,7000	184,51
120,8000	111,12
120,9000	110,74
121,0000	183,84
121,1000	135,53
121,2000	108,34
121,3000	166,64
121,4000	140,89
121,5000	101,13
121,6000	161,95
121,7000	170,12
121,8000	101,10
121,9000	134,41
122,0000	174,36
122,1000	109,04
122,2000	130,04
122,3000	177,74
122,4000	112,00
122,5000	125,90
122,6000	183,62
122,7000	115,41
122,8000	107,74
122,9000	181,87
123,0000	142,35
123,1000	105,71
123,2000	160,83
123,3000	147,64
123,4000	101,13
123,5000	156,17
123,6000	175,21
123,7000	101,63
123,8000	128,98
123,9000	178,45
124,0000	112,77
124,1000	124,87
124,2000	183,20
124,3000	116,38
124,4000	121,06
124,5000	181,38
124,6000	120,56
124,7000	105,28
124,8000	178,73
124,9000	149,06
125,0000	103,65
125,1000	154,73
125,2000	154,58
125,3000	101,87
125,4000	149,97
125,5000	179,26
125,6000	102,79
125,7000	123,67
125,8000	181,67
125,9000	117,59
126,0000	119,97
126,1000	180,74
126,2000	121,72
126,3000	104,72
126,4000	177,89
126,5000	126,34
126,6000	103,22
126,7000	174,52
126,8000	155,87
126,9000	102,18
127,0000	148,53
127,1000	161,14
127,2000	103,16
127,3000	143,47
127,4000	182,37
127,5000	104,80
127,6000	118,82
127,7000	183,85
127,8000	123,12
127,9000	115,34
128,0000	176,94
128,1000	127,78
128,2000	102,88
128,3000	173,34
128,4000	132,47
128,5000	101,92
128,6000	169,23
128,7000	162,66
128,8000	101,27
128,9000	141,76
129,0000	167,66
129,1000	105,44
129,2000	136,84
129,3000	184,22
129,4000	107,71
129,5000	114,17
129,6000	184,59
129,7000	129,36
129,8000	111,28
129,9000	171,94
130,0000	134,37
130,1000	101,64
130,2000	167,75
130,3000	164,31
130,4000	101,13
130,5000	162,99
130,6000	169,21
130,7000	101,06
130,8000	135,46
130,9000	173,47
131,0000	108,42
131,1000	130,94
131,2000	184,58
131,3000	111,29
131,4000	110,66
131,5000	183,93
131,6000	135,77
131,7000	108,19
131,8000	166,45
131,9000	141,10
132,0000	101,06
132,1000	161,68
132,2000	170,42
132,3000	101,08
132,4000	134,10
132,5000	174,62
132,6000	101,46
132,7000	129,70
132,8000	177,85
132,9000	112,16
133,0000	125,58
133,1000	183,53
133,2000	115,71
133,3000	107,50
133,4000	181,79
133,5000	142,52
133,6000	105,51
133,7000	160,42
133,8000	148,14
133,9000	101,14
134,0000	155,74
134,1000	175,50
134,2000	101,61
134,3000	128,70
134,4000	178,67
134,5000	112,97
134,6000	124,61
134,7000	181,31
134,8000	116,75
134,9000	120,69
135,0000	181,28
135,1000	120,72
135,2000	105,12
135,3000	178,62
135,4000	149,48
135,5000	103,61
135,6000	154,64
135,7000	154,87
135,8000	101,83
135,9000	149,88
136,0000	179,35
136,1000	102,79
136,2000	123,64
136,3000	181,86
136,4000	117,73
136,5000	119,92
136,6000	183,67
136,7000	121,83
136,8000	116,26
136,9000	177,99
137,0000	126,34
137,1000	103,28
137,2000	174,45
137,3000	156,15
137,4000	102,13
137,5000	148,67
137,6000	161,17
137,7000	103,11
137,8000	143,61
137,9000	182,35
138,0000	104,74
138,1000	118,78
138,2000	184,04
138,3000	123,22
138,4000	115,34
138,5000	177,05
138,6000	127,68
138,7000	112,41
138,8000	173,53
138,9000	132,58
139,0000	101,87
139,1000	169,50
139,2000	162,59
139,3000	101,27
139,4000	142,12
139,5000	167,46
139,6000	105,39
139,7000	137,18
139,8000	184,29
139,9000	107,59
140,0000	114,31
140,1000	184,71
140,2000	129,28
140,3000	111,31
140,4000	172,03
140,5000	134,44
140,6000	101,62
140,7000	167,79
140,8000	139,73
140,9000	101,12
141,0000	162,98
141,1000	169,39
141,2000	100,98
141,3000	135,25
141,4000	173,57
141,5000	108,53
141,6000	130,71
141,7000	184,67
141,8000	111,39
141,9000	110,47
142,0000	183,95
142,1000	136,09
142,2000	107,98
142,3000	166,29
142,4000	141,53
142,5000	101,07
142,6000	161,51
142,7000	170,75
142,8000	101,05
142,9000	156,85
143,0000	174,70
143,1000	101,47
143,2000	129,69
143,3000	178,16
143,4000	112,12
143,5000	125,56
143,6000	183,83
143,7000	115,68
143,8000	107,69
143,9000	182,14
144,0000	142,29
144,1000	105,73
144,2000	161,06
144,3000	147,52
144,4000	101,08
144,5000	156,32
144,6000	175,14
144,7000	101,46
144,8000	129,15
144,9000	178,30
145,0000	102,26
145,1000	125,23
145,2000	181,08
145,3000	115,88
145,4000	121,60
145,5000	181,98
145,6000	119,76
145,7000	105,54
145,8000	179,53
145,9000	148,03
146,0000	103,92
146,1000	156,01
146,2000	153,15
146,3000	101,54
146,4000	151,37
146,5000	178,66
146,6000	102,33
146,7000	125,18
146,8000	181,18
146,9000	103,58
147,0000	121,53
147,1000	183,10
147,2000	119,96
147,3000	117,80
147,4000	179,44
147,5000	124,17
147,6000	103,88
147,7000	176,42
147,8000	153,34
147,9000	102,65
148,0000	151,34
148,1000	158,26
148,2000	102,36
148,3000	146,68
148,4000	181,21
148,5000	103,59
148,6000	121,35
148,7000	183,28
148,8000	120,17
148,9000	117,73
149,0000	184,55
149,1000	124,32
149,2000	114,65
149,3000	176,48
149,4000	128,80
149,5000	102,65
149,6000	173,03
149,7000	158,46
149,8000	101,79
149,9000	146,47
150,0000	163,42
150,1000	103,69
150,2000	141,67
150,3000	183,31
150,4000	105,49
150,5000	117,57
150,6000	184,57
150,7000	124,47
150,8000	114,41
150,9000	176,23
151,0000	129,18
151,1000	111,45
151,2000	172,57
151,3000	134,15
151,4000	101,70
151,5000	168,31
151,6000	164,15
151,7000	101,14
151,8000	140,59
151,9000	169,07
152,0000	105,92
152,1000	135,87
152,2000	184,66
152,3000	108,27
152,4000	113,64
152,5000	184,92
152,6000	130,39
152,7000	110,78
152,8000	171,52
152,9000	135,42
153,0000	101,48
153,1000	167,06
153,2000	140,75
153,3000	101,10
153,4000	162,39
153,5000	170,34
153,6000	100,97
153,7000	134,54
153,8000	174,28
153,9000	108,93
154,0000	130,16
154,1000	184,91
154,2000	111,90
154,3000	110,06
154,4000	184,05
154,5000	136,88
154,6000	107,71
154,7000	165,72
154,8000	142,28
154,9000	101,03
155,0000	160,96
155,1000	147,82
155,2000	101,06
155,3000	156,34
155,4000	175,36
155,5000	101,49
155,6000	129,14
155,7000	178,65
155,8000	112,66
155,9000	124,99
156,0000	183,68
156,1000	116,31
156,2000	107,17
156,3000	181,79
156,4000	143,36
156,5000	105,20
156,6000	159,92
156,7000	149,07
156,8000	101,14
156,9000	155,07
157,0000	176,28
157,1000	101,63
157,2000	127,99
157,3000	179,38
157,4000	102,60
157,5000	123,89
157,6000	181,88
157,7000	117,28
157,8000	120,12
157,9000	181,25
158,0000	121,29
158,1000	104,81
158,2000	178,57
158,3000	150,09
158,4000	103,37
158,5000	154,40
158,6000	155,22
158,7000	101,74
158,8000	149,56
158,9000	179,87
159,0000	102,83
159,1000	123,44
159,2000	182,22
159,3000	104,27
159,4000	119,63
159,5000	184,01
159,6000	122,00
159,7000	116,12
159,8000	178,02
159,9000	126,57
160,0000	103,15
160,1000	174,81
160,2000	156,07
160,3000	102,09
160,4000	148,74
160,5000	161,24
160,6000	103,08
160,7000	143,82
160,8000	182,77
160,9000	104,68
161,0000	118,90
161,1000	184,34
161,2000	122,99
161,3000	115,55
161,4000	185,06
161,5000	127,53
161,6000	112,59
161,7000	174,31
161,8000	131,88
161,9000	101,96
162,0000	170,41
162,1000	161,93
162,2000	101,27
162,3000	143,17
162,4000	166,83
162,5000	104,88
162,6000	138,22
162,7000	184,39
162,8000	106,99
162,9000	115,18
163,0000	184,99
163,1000	128,14
163,2000	112,16
163,3000	173,68
163,4000	132,79
163,5000	109,64
163,6000	169,64
163,7000	137,84
163,8000	101,21
163,9000	165,33
164,0000	167,67
164,1000	100,97
164,2000	137,35
164,3000	172,20
164,4000	107,42
164,5000	132,79
164,6000	185,18
164,7000	110,08
164,8000	111,69
164,9000	184,78
165,0000	133,84
165,1000	109,06
165,2000	168,74
165,3000	139,05
165,4000	101,14
165,5000	164,06
165,6000	144,58
165,7000	100,95
165,8000	159,19
165,9000	173,31
166,0000	101,22
166,1000	131,62
166,2000	177,19
166,3000	110,94
166,4000	127,35
166,5000	184,65
166,6000	114,17
166,7000	108,50
166,8000	183,28
166,9000	140,48
167,0000	106,28
167,1000	162,84
167,2000	145,92
167,3000	101,01
167,4000	158,03
167,5000	151,43
167,6000	101,30
167,7000	153,09
167,8000	177,95
167,9000	102,05
168,0000	126,35
168,1000	180,86
168,2000	115,09
168,3000	122,33
168,4000	182,72
168,5000	119,04
168,6000	105,87
168,7000	180,41
168,8000	147,47
168,9000	104,10
169,0000	156,75
169,1000	152,92
169,2000	101,44
169,3000	151,90
169,4000	178,92
169,5000	102,36
169,6000	147,07
169,7000	181,61
169,8000	103,61
169,9000	121,31
170,0000	183,62
170,1000	120,23
170,2000	117,69
170,3000	179,60
170,4000	124,53
170,5000	103,72
170,6000	176,46
170,7000	154,13
170,8000	102,56
170,9000	150,99
171,0000	159,29
171,1000	102,52
171,2000	146,12
171,3000	182,07
171,4000	103,91
171,5000	120,63
171,6000	183,99
171,7000	105,83
171,8000	117,07
171,9000	185,05
172,0000	125,51
172,1000	113,87
172,2000	175,88
172,3000	130,27
172,4000	102,43
172,5000	172,13
172,6000	160,29
172,7000	101,53
172,8000	145,22
172,9000	165,17
173,0000	104,22
173,1000	140,22
173,2000	184,24
173,3000	106,24
173,4000	116,46
173,5000	185,30
173,6000	108,62
173,7000	113,33
173,8000	185,38
173,9000	131,26
174,0000	110,70
174,1000	171,33
174,2000	136,19
174,3000	101,45
174,4000	167,09
174,5000	166,38
174,6000	101,09
174,7000	139,26
174,8000	171,14
174,9000	106,75
175,0000	134,46
175,1000	185,36
175,2000	109,24
175,3000	112,67
175,4000	185,33
175,5000	132,40
175,6000	110,06
175,7000	170,36
175,8000	137,71
175,9000	107,61
176,0000	165,89
176,1000	143,06
176,2000	101,02
176,3000	161,05
176,4000	172,28
176,5000	101,17
176,6000	133,15
176,7000	176,37
176,8000	110,17
176,9000	128,74
177,0000	185,23
177,1000	113,38
177,2000	109,26
177,3000	183,96
177,4000	139,37
177,5000	106,92
177,6000	164,22
177,7000	145,10
177,8000	104,92
177,9000	159,31
178,0000	150,44
178,1000	101,30
178,2000	154,35
178,3000	177,58
178,4000	101,95
178,5000	127,18
178,6000	180,65
178,7000	114,58
178,8000	123,02
178,9000	183,40
179,0000	118,50
179,1000	106,22
179,2000	180,91
179,3000	146,98
179,4000	104,42
179,5000	157,73
179,6000	152,23
179,7000	101,44
179,8000	152,84
179,9000	157,62
180,0000	102,22
180,1000	147,98
180,2000	181,55
180,3000	103,43
180,4000	121,99
180,5000	183,66
180,6000	119,54
180,7000	118,39
180,8000	180,33
180,9000	124,13
181,0000	104,03
181,1000	177,25
181,2000	153,60
181,3000	102,78
181,4000	151,76
181,5000	158,98
181,6000	102,48
181,7000	146,81
181,8000	182,20
181,9000	103,85
182,0000	141,68
182,1000	184,21
182,2000	105,66
182,3000	117,52
182,4000	185,34
182,5000	125,30
182,6000	114,34
182,7000	176,42
182,8000	129,85
182,9000	102,59
183,0000	172,75
183,1000	159,90
183,2000	101,72
183,3000	145,90
183,4000	164,91
183,5000	104,10
183,6000	140,78
183,7000	184,34
183,8000	106,04
183,9000	116,98
184,0000	185,35
184,1000	108,33
184,2000	113,77
184,3000	185,53
184,4000	130,75
184,5000	111,01
184,6000	172,02
184,7000	135,76
184,8000	101,58
184,9000	167,63
185,0000	166,16
185,1000	101,14
185,2000	139,78
185,3000	170,74
185,4000	106,53
185,5000	135,12
185,6000	185,51
185,7000	108,99
185,8000	113,13
185,9000	185,58
186,0000	111,88
186,1000	110,45
186,2000	184,82
186,3000	137,04
186,4000	108,02
186,5000	166,69
186,6000	142,30
186,7000	101,11
186,8000	162,03
186,9000	171,75
187,0000	101,12
187,1000	134,31
187,2000	175,61
187,3000	109,44
187,4000	129,98
187,5000	185,57
187,6000	112,43
187,7000	110,10
187,8000	184,68
187,9000	137,63
188,0000	107,72
188,1000	183,05
188,2000	142,84
188,3000	105,76
188,4000	161,56
188,5000	148,23
188,6000	101,15
188,7000	156,67
188,8000	176,03
188,9000	101,59
189,0000	129,44
189,1000	179,18
189,2000	112,81
189,3000	125,40
189,4000	184,58
189,5000	116,46
189,6000	107,45
189,7000	182,70
189,8000	143,55
189,9000	105,46
190,0000	160,71
190,1000	149,06
190,2000	103,85
190,3000	155,98
190,4000	154,46
190,5000	101,70
190,6000	151,39
190,7000	179,74
190,8000	102,56
190,9000	124,81
191,0000	182,41
191,1000	116,94
191,2000	120,92
191,3000	182,32
191,4000	121,04
191,5000	105,20
191,6000	179,69
191,7000	149,89
191,8000	103,79
191,9000	155,31
192,0000	155,33
192,1000	101,88
192,2000	150,63
192,3000	160,26
192,4000	102,78
192,5000	145,75
192,6000	182,79
192,7000	104,28
192,8000	120,47
192,9000	184,60
193,0000	121,67
193,1000	116,89
193,2000	179,28
193,3000	125,99
193,4000	103,55
193,5000	175,94
193,6000	155,95
193,7000	102,44
193,8000	150,21
193,9000	160,74
194,0000	102,91
194,1000	145,39
194,2000	165,64
194,3000	104,37
194,4000	140,54
194,5000	184,70
194,6000	106,25
194,7000	116,79
194,8000	185,59
194,9000	126,34
195,0000	113,68
195,1000	175,79
195,2000	131,01
195,3000	102,38
195,4000	172,05
195,5000	161,29
195,6000	101,59
195,7000	144,88
195,8000	166,19
195,9000	104,58
196,0000	140,06
196,1000	184,97
196,2000	106,51
196,3000	135,36
196,4000	185,76
196,5000	108,98
196,6000	113,31
196,7000	185,85
196,8000	131,89
196,9000	110,69
197,0000	171,57
197,1000	136,78
197,2000	101,59
197,3000	167,22
197,4000	167,06
197,5000	101,19
197,6000	139,33
197,7000	171,67
197,8000	106,96
197,9000	134,62
198,0000	185,91
198,1000	109,39
198,2000	112,89
198,3000	185,82
198,4000	112,42
198,5000	110,18
198,6000	184,93
198,7000	137,76
198,8000	107,90
198,9000	166,49
199,0000	143,22
199,1000	101,14
199,2000	161,60
199,3000	172,46
199,4000	101,25
199,5000	133,71
199,6000	176,41
199,7000	110,01
199,8000	129,36
199,9000	185,65
200,0000	113,16
200,1000	109,63
200,2000	184,62
200,3000	138,87
200,4000	107,37
200,5000	182,64
200,6000	144,32
200,7000	105,38
200,8000	160,57
200,9000	149,83
201,0000	101,33
201,1000	155,68
201,2000	177,34
201,3000	101,96
201,4000	128,26
201,5000	180,58
201,6000	114,13
201,7000	124,07
201,8000	184,20
201,9000	117,97
202,0000	106,79
202,1000	182,06
202,2000	145,98
202,3000	104,94
202,4000	159,07
202,5000	151,61
202,6000	103,33
202,7000	154,11
202,8000	156,91
202,9000	102,10
203,0000	149,05
203,1000	181,45
203,2000	103,32
203,3000	122,83
203,4000	183,88
203,5000	119,29
203,6000	119,00
203,7000	181,13
203,8000	123,59
203,9000	104,42
204,0000	178,06
204,1000	153,17
204,2000	103,06
204,3000	152,84
204,4000	158,39
204,5000	102,07
204,6000	147,70
204,7000	163,56
204,8000	103,70
204,9000	142,66
205,0000	184,32
205,1000	105,41
205,2000	118,14
205,3000	185,62
205,4000	124,61
205,5000	114,95
205,6000	177,38
205,7000	129,35
205,8000	102,83
205,9000	173,59
206,0000	159,70
206,1000	101,92
206,2000	146,60
206,3000	164,77
206,4000	104,06
206,5000	141,50
206,6000	169,93
206,7000	106,02
206,8000	136,69
206,9000	185,87
207,0000	108,27
207,1000	114,23
207,2000	186,07
207,3000	130,63
207,4000	111,37
207,5000	172,69
207,6000	135,74
207,7000	101,77
207,8000	168,50
207,9000	165,91
208,0000	101,27
208,1000	140,62
208,2000	170,74
208,3000	106,45
208,4000	135,92
208,5000	186,05
208,6000	108,73
208,7000	131,48
208,8000	186,16
208,9000	111,66
209,0000	110,93
209,1000	185,40
209,2000	136,53
209,3000	108,47
209,4000	167,70
209,5000	141,86
209,6000	101,27
209,7000	162,91
209,8000	171,87
209,9000	101,23
210,0000	134,99
210,1000	175,62
210,2000	109,30
210,3000	130,58
210,4000	185,99
210,5000	112,35
210,6000	110,36
210,7000	185,21
210,8000	116,08
210,9000	107,93
211,0000	183,44
211,1000	143,11
211,2000	105,95
211,3000	161,81
211,4000	148,80
211,5000	101,25
211,6000	156,92
211,7000	176,75
211,8000	101,73
211,9000	129,38
212,0000	180,07
212,1000	113,36
212,2000	125,28
212,3000	184,85
212,4000	117,01
212,5000	107,29
212,6000	182,88
212,7000	121,18
212,8000	105,35
212,9000	180,00
213,0000	150,56
213,1000	103,74
213,2000	155,40
213,3000	155,90
213,4000	102,00
213,5000	150,45
213,6000	181,02
213,7000	103,06
213,8000	123,94
213,9000	183,56
214,0000	118,32
214,1000	119,88
214,2000	182,01
214,3000	122,79
214,4000	104,80
214,5000	178,86
214,6000	152,41
214,7000	103,35
214,8000	175,42
214,9000	157,62
215,0000	102,27
215,1000	148,68
215,2000	162,94
215,3000	103,50
215,4000	143,47
215,5000	184,24
215,6000	105,23
215,7000	118,70
215,8000	185,73
215,9000	124,21
216,0000	115,35
216,1000	177,86
216,2000	128,95
216,3000	102,97
216,4000	174,18
216,5000	159,27
216,6000	102,06
216,7000	147,28
216,8000	164,43
216,9000	101,44
217,0000	142,22
217,1000	169,45
217,2000	105,73
217,3000	137,22
217,4000	186,02
217,5000	108,10
217,6000	114,53
217,7000	186,32
217,8000	130,22
217,9000	111,67
218,0000	173,28
218,1000	135,21
218,2000	101,88
218,3000	168,93
218,4000	165,73
218,5000	101,30
218,6000	140,92
218,7000	170,65
218,8000	106,32
218,9000	136,11
219,0000	174,86
219,1000	108,75
219,2000	131,59
219,3000	186,31
219,4000	111,63
219,5000	111,03
219,6000	185,58
219,7000	136,56
219,8000	108,60
219,9000	167,99
220,0000	141,77
220,1000	101,29
220,2000	163,14
220,3000	171,87
220,4000	101,27
220,5000	135,04
220,6000	175,93
220,7000	109,37
220,8000	130,76
220,9000	186,34
221,0000	112,36
221,1000	126,62
221,2000	185,42
221,3000	115,90
221,4000	108,08
221,5000	183,74
221,6000	143,16
221,7000	106,02
221,8000	162,16
221,9000	148,71
222,0000	101,32
222,1000	157,32
222,2000	176,80
222,3000	101,73
222,4000	129,66
222,5000	180,19
222,6000	113,20
222,7000	125,57
222,8000	185,03
222,9000	116,91
223,0000	121,49
223,1000	183,14
223,2000	121,15
223,3000	105,47
223,4000	180,41
223,5000	150,22
223,6000	103,87
223,7000	155,92
223,8000	155,77
223,9000	102,02
224,0000	150,83
224,1000	181,09
224,2000	103,02
224,3000	124,33
224,4000	183,62
224,5000	118,19
224,6000	120,37
224,7000	182,43
224,8000	122,49
224,9000	104,92
225,0000	179,40
225,1000	127,09
225,2000	103,43
225,3000	175,80
225,4000	157,45
225,5000	102,42
225,6000	149,28
225,7000	162,57
225,8000	103,43
225,9000	144,12
226,0000	184,27
226,1000	105,08
226,2000	119,14
226,3000	185,90
226,4000	123,90
226,5000	115,68
226,6000	178,44
226,7000	128,49
226,8000	103,17
226,9000	174,89
227,0000	158,74
227,1000	102,20
227,2000	170,63
227,3000	164,06
227,4000	101,55
227,5000	142,91
227,6000	168,93
227,7000	105,54
227,8000	138,01
227,9000	186,08
228,0000	107,76
228,1000	115,06
228,2000	186,54
228,3000	129,55
228,4000	112,13
228,5000	173,97
228,6000	134,64
228,7000	101,99
228,8000	169,65
228,9000	165,24
229,0000	101,44
229,1000	141,89
229,2000	169,98
229,3000	101,27
229,4000	137,12
229,5000	174,33
229,6000	108,28
229,7000	132,61
229,8000	186,49
229,9000	110,94
230,0000	111,65
230,1000	186,13
230,2000	135,29
230,3000	109,20
230,4000	169,25
230,5000	140,40
230,6000	101,41
230,7000	164,99
230,8000	170,35
230,9000	101,26
231,0000	137,06
231,1000	174,40
231,2000	101,44
231,3000	132,74
231,4000	178,07
231,5000	110,95
231,6000	128,66
231,7000	186,15
231,8000	114,04
231,9000	109,37
232,0000	185,00
232,1000	140,05
232,2000	107,28
232,3000	165,27
232,4000	145,38
232,5000	101,33
232,6000	160,72
232,7000	174,28
232,8000	101,44
232,9000	132,95
233,0000	177,83
233,1000	110,78
233,2000	128,84
233,3000	180,80
233,4000	113,83
233,5000	124,93
233,6000	185,07
233,7000	117,38
233,8000	107,31
233,9000	183,06
234,0000	145,30
234,1000	105,45
234,2000	160,82
234,3000	150,39
234,4000	101,42
234,5000	156,19
234,6000	177,81
234,7000	101,99
234,8000	128,89
234,9000	180,91
235,0000	113,89
235,1000	124,90
235,2000	185,09
235,3000	117,39
235,4000	121,12
235,5000	183,10
235,6000	121,59
235,7000	105,38
235,8000	180,50
235,9000	150,40
236,0000	103,93
236,1000	156,02
236,2000	155,64
236,3000	101,97
236,4000	151,12
236,5000	181,08
236,6000	102,99
236,7000	124,51
236,8000	183,71
236,9000	117,86
237,0000	120,69
237,1000	182,86
237,2000	122,18
237,3000	105,19
237,4000	180,06
237,5000	126,57
237,6000	103,73
237,7000	176,69
237,8000	156,50
237,9000	102,53
238,0000	150,41
238,1000	161,66
238,2000	103,17
238,3000	145,43
238,4000	184,08
238,5000	104,69
238,6000	120,10
238,7000	185,83
238,8000	122,88
238,9000	116,60
239,0000	179,47
239,1000	127,46
239,2000	103,49
239,3000	175,97
239,4000	132,30
239,5000	102,40
239,6000	172,05
239,7000	162,79
239,8000	101,70
239,9000	144,28
240,0000	167,98
240,1000	105,09
240,2000	139,33
240,3000	186,01
240,4000	107,19
240,5000	115,84
240,6000	186,71
240,7000	128,46
240,8000	112,98
240,9000	175,26
241,0000	133,33
241,1000	102,24
241,2000	171,12
241,3000	164,05
241,4000	101,58
241,5000	143,20
241,6000	168,91
241,7000	101,29
241,8000	138,42
241,9000	173,42
242,0000	107,59
242,1000	133,90
242,2000	186,80
242,3000	110,27
242,4000	112,52
242,5000	186,52
242,6000	134,23
242,7000	109,85
242,8000	170,56
242,9000	139,32
243,0000	101,49
243,1000	165,88
243,2000	169,81
243,3000	101,25
243,4000	137,72
243,5000	174,20
243,6000	101,43
243,7000	133,22
243,8000	177,93
243,9000	110,77
244,0000	129,00
244,1000	186,42
244,2000	113,92
244,3000	109,53
244,4000	185,20
244,5000	139,95
244,6000	107,28
244,7000	165,30
244,8000	145,56
244,9000	101,28
245,0000	160,55
245,1000	174,81
245,2000	101,46
245,3000	132,63
245,4000	178,46
245,5000	111,22
245,6000	128,28
245,7000	181,58
245,8000	114,72
245,9000	124,15
246,0000	185,00
246,1000	118,47
246,2000	106,86
246,3000	182,73
246,4000	146,64
246,5000	105,08
246,6000	159,57
246,7000	152,22
246,8000	101,59
246,9000	154,83
247,0000	179,11
247,1000	102,23
247,2000	127,37
247,3000	182,07
247,4000	115,28
247,5000	123,33
247,6000	184,49
247,7000	119,24
247,8000	119,44
247,9000	182,05
248,0000	123,68
248,1000	104,67
248,2000	179,00
248,3000	153,34
248,4000	103,18
248,5000	153,60
248,6000	158,50
248,7000	102,43
248,8000	148,51
248,9000	182,83
249,0000	103,76
249,1000	122,27
249,2000	185,06
249,3000	120,43
249,4000	118,45
249,5000	181,33
249,6000	124,88
249,7000	104,24
249,8000	178,04
249,9000	129,64
250,0000	102,97
250,1000	174,47
250,2000	160,02
250,3000	102,07
250,4000	147,27
250,5000	165,27
250,6000	104,17
250,7000	142,13
250,8000	185,48
250,9000	106,02
251,0000	117,76
251,1000	186,65
251,2000	126,05
251,3000	114,43
251,4000	177,27
251,5000	130,79
251,6000	102,68
251,7000	173,47
251,8000	135,75
251,9000	101,90
252,0000	169,28
252,1000	166,32
252,2000	101,45
252,3000	141,13
252,4000	171,26
252,5000	106,50
252,6000	136,20
252,7000	186,80
252,8000	108,91
252,9000	113,85
253,0000	186,95
253,1000	131,68
253,2000	111,25
253,3000	172,81
253,4000	136,66
253,5000	101,81
253,6000	168,56
253,7000	167,32
253,8000	101,39
253,9000	163,83
254,0000	171,85
254,1000	101,30
254,2000	135,60
254,3000	176,18
254,4000	109,35
254,5000	131,16
254,6000	186,86
254,7000	112,26
254,8000	110,83
254,9000	186,09
255,0000	137,52
255,1000	108,37
255,2000	167,83
255,3000	142,87
255,4000	101,36
255,5000	163,25
255,6000	172,70
255,7000	101,42
255,8000	135,11
255,9000	176,70
256,0000	101,75
256,1000	130,66
256,2000	180,07
256,3000	112,62
256,4000	126,54
256,5000	185,91
256,6000	116,31
256,7000	108,07
256,8000	184,30
256,9000	143,73
257,0000	106,11
257,1000	162,53
257,2000	149,17
257,3000	101,44
257,4000	157,84
257,5000	177,33
257,6000	101,85
257,7000	130,09
257,8000	180,57
257,9000	113,20
258,0000	126,05
258,1000	183,31
258,2000	116,86
258,3000	122,11
258,4000	184,08
258,5000	120,87
258,6000	105,97
258,7000	181,55
258,8000	149,74
258,9000	104,26
259,0000	157,18
259,1000	155,12
259,2000	101,94
259,3000	152,25
259,4000	180,90
259,5000	102,80
259,6000	125,44
259,7000	183,70
259,8000	117,34
259,9000	121,49
260,0000	185,55
260,1000	121,39
260,2000	117,93
260,3000	180,98
260,4000	125,96
260,5000	103,97
260,6000	177,60
260,7000	156,17
260,8000	102,84
260,9000	151,28
261,0000	161,30
261,1000	103,10
261,2000	146,32
261,3000	184,22
261,4000	104,58
261,5000	120,68
261,6000	185,88
261,7000	122,26
261,8000	117,28
261,9000	180,37
262,0000	126,90
262,1000	114,07
262,2000	176,95
262,3000	131,62
262,4000	102,70
262,5000	172,96
262,6000	162,42
262,7000	101,86
262,8000	145,26
262,9000	167,56
263,0000	104,93
263,1000	140,41
263,2000	186,21
263,3000	106,88
263,4000	116,73
263,5000	187,11
263,6000	127,59
263,7000	113,60
263,8000	176,37
263,9000	132,45
264,0000	102,56
264,1000	172,40
264,2000	137,29
264,3000	101,81
264,4000	167,94
264,5000	168,21
264,6000	101,45
264,7000	139,98
264,8000	172,69
264,9000	107,12
265,0000	135,37
265,1000	187,20
265,2000	109,61
265,3000	113,35
265,4000	187,02
265,5000	132,96
265,6000	110,66
265,7000	171,97
265,8000	138,16
265,9000	101,80
266,0000	167,59
266,1000	168,63
266,2000	101,44
266,3000	163,06
266,4000	173,13
266,5000	101,49
266,6000	135,07
266,7000	176,99
266,8000	109,93
266,9000	130,70
267,0000	187,13
267,1000	112,94
267,2000	110,43
267,3000	186,11
267,4000	138,69
267,5000	108,23
267,6000	167,39
267,7000	143,83
267,8000	101,44
267,9000	162,85
268,0000	173,44
268,1000	101,48
268,2000	158,15
268,3000	177,28
268,4000	101,90
268,5000	130,46
268,6000	180,69
268,7000	113,11
268,8000	126,33
268,9000	186,28
269,0000	116,63
269,1000	108,16
269,2000	184,47
269,3000	144,08
269,4000	106,18
269,5000	162,75
269,6000	149,30
269,7000	101,48
269,8000	157,98
269,9000	177,38
270,0000	101,92
270,1000	130,28
270,2000	180,74
270,3000	102,75
270,4000	126,15
270,5000	183,47
270,6000	116,88
270,7000	122,28
270,8000	184,39
270,9000	120,89
271,0000	106,02
271,1000	181,82
271,2000	149,76
271,3000	104,45
271,4000	157,51
271,5000	155,09
271,6000	102,02
271,7000	152,56
271,8000	181,20
271,9000	102,92
272,0000	125,62
272,1000	183,86
272,2000	117,33
272,3000	121,67
272,4000	185,78
272,5000	121,43
272,6000	118,18
272,7000	181,46
272,8000	125,78
272,9000	104,29
273,0000	178,21
273,1000	155,92
273,2000	102,99
273,3000	151,96
273,4000	160,92
273,5000	103,01
273,6000	147,14
273,7000	184,12
273,8000	104,39
273,9000	121,48
274,0000	185,97
274,1000	121,75
274,2000	118,06
274,3000	181,32
274,4000	125,74
274,5000	115,00
274,6000	178,23
274,7000	130,33
274,8000	103,05
274,9000	174,59
275,0000	160,77
275,1000	102,25
275,2000	147,62
275,3000	165,43
275,4000	104,14
275,5000	142,87
275,6000	185,77
275,7000	105,92
275,8000	118,57
275,9000	186,88
276,0000	125,16
276,1000	115,49
276,2000	178,89
276,3000	129,47
276,4000	103,29
276,5000	175,36
276,6000	134,26
276,7000	102,32
276,8000	171,53
276,9000	164,74
277,0000	101,80
277,1000	143,88
277,2000	169,23
277,3000	105,51
277,4000	139,41
277,5000	186,84
277,6000	107,54
277,7000	116,11
277,8000	187,37
277,9000	128,72
278,0000	113,34
278,1000	176,08
278,2000	133,25
278,3000	102,49
278,4000	172,30
278,5000	138,15
278,6000	101,86
278,7000	168,00
278,8000	168,67
278,9000	101,49
279,0000	140,07
279,1000	172,96
279,2000	107,20
279,3000	135,64
279,4000	187,40
279,5000	109,59
279,6000	113,68
279,7000	187,46
279,8000	132,52
279,9000	111,08
280,0000	173,03
280,1000	137,52
280,2000	101,94
280,3000	168,87
280,4000	167,87
280,5000	101,53
280,6000	164,45
280,7000	172,37
280,8000	101,47
280,9000	136,33
281,0000	176,28
281,1000	109,30
281,2000	132,08
281,3000	187,63
281,4000	112,05
281,5000	111,36
281,6000	186,93
281,7000	137,04
281,8000	108,94
281,9000	169,04
282,0000	142,20
282,1000	101,52
282,2000	164,57
282,3000	172,25
282,4000	101,49
282,5000	136,27
282,6000	176,40
282,7000	101,79
282,8000	131,82
282,9000	179,93
283,0000	112,19
283,1000	127,77
283,2000	186,81
283,3000	115,48
283,4000	108,88
283,5000	185,40
283,6000	142,41
283,7000	106,80
283,8000	164,18
283,9000	147,97
284,0000	101,52
284,1000	159,34
284,2000	176,78
284,3000	101,80
284,4000	131,47
284,5000	180,23
284,6000	102,50
284,7000	127,44
284,8000	183,10
284,9000	115,87
285,0000	123,44
285,1000	185,17
285,2000	119,63
285,3000	106,62
285,4000	182,86
285,5000	148,29
285,6000	104,92
285,7000	159,37
285,8000	153,39
285,9000	101,80
286,0000	154,49
286,1000	180,29
286,2000	102,57
286,3000	127,48
286,4000	183,19
286,5000	115,76
286,6000	123,59
286,7000	185,30
286,8000	119,56
286,9000	119,96
287,0000	183,00
287,1000	123,82
287,2000	104,99
287,3000	180,07
287,4000	153,42
287,5000	103,66
287,6000	154,84
287,7000	158,42
287,8000	102,49
287,9000	150,10
288,0000	183,03
288,1000	103,65
288,2000	123,74
288,3000	185,25
288,4000	119,39
288,5000	120,07
288,6000	182,98
288,7000	123,79
288,8000	116,71
288,9000	180,27
289,0000	128,02
289,1000	103,69
289,2000	176,97
289,3000	158,25
289,4000	102,66
289,5000	150,35
289,6000	163,24
289,7000	103,52
289,8000	145,51
289,9000	185,13
290,0000	104,97
290,1000	120,28
290,2000	186,94
290,3000	123,55
290,4000	116,95
290,5000	180,50
290,6000	127,87
290,7000	103,75
290,8000	177,20
290,9000	132,36
291,0000	102,71
291,1000	173,48
291,2000	162,91
291,3000	101,98
291,4000	145,83
291,5000	167,80
291,6000	104,91
291,7000	141,00
291,8000	186,75
291,9000	106,98
292,0000	117,05
292,1000	187,65
292,2000	127,61
292,3000	114,04
292,4000	177,37
292,5000	132,18
292,6000	102,71
292,7000	173,59
292,8000	162,83
292,9000	101,94
293,0000	169,37
293,1000	167,66
293,2000	101,59
293,3000	141,17
293,4000	172,38
293,5000	106,96
293,6000	136,54
293,7000	187,68
293,8000	109,25
293,9000	114,16
294,0000	187,80
294,1000	132,11
294,2000	111,40
294,3000	173,63
294,4000	136,72
294,5000	101,97
294,6000	169,59
294,7000	167,27
294,8000	101,57
294,9000	141,43
295,0000	172,09
295,1000	101,44
295,2000	136,80
295,3000	176,21
295,4000	108,97
295,5000	132,39
295,6000	187,90
295,7000	111,83
295,8000	111,62
295,9000	187,35
296,0000	136,45
296,1000	109,26
296,2000	169,76
296,3000	141,68
296,4000	101,59
296,5000	165,27
296,6000	171,96
296,7000	101,47
296,8000	137,19
296,9000	175,91
297,0000	101,69
297,1000	132,76
297,2000	179,57
297,3000	111,66
297,4000	128,65
297,5000	187,38
297,6000	114,80
297,7000	109,40
297,8000	186,03
297,9000	141,29
298,0000	107,33
298,1000	165,65
298,2000	146,63
298,3000	101,41
298,4000	161,17
298,5000	175,81
298,6000	101,68
298,7000	133,07
298,8000	179,35
298,9000	111,47
299,0000	129,04
299,1000	182,33
299,2000	114,61
299,3000	124,98
299,4000	186,18
299,5000	118,28
299,6000	107,43
299,7000	184,20
299,8000	146,25
299,9000	105,56
300,0000	161,67
300,1000	151,41
300,2000	101,63
300,3000	156,89
300,4000	179,16
300,5000	102,19
300,6000	129,24
300,7000	182,21
300,8000	114,39
300,9000	125,33
301,0000	186,44
301,1000	117,87
301,2000	121,67
301,3000	184,52
301,4000	121,84
301,5000	105,76
301,6000	181,89
301,7000	151,06
301,8000	104,20
301,9000	157,38
302,0000	156,05
302,1000	102,13
302,2000	152,63
302,3000	181,98
302,4000	103,04
302,5000	125,65
302,6000	184,49
302,7000	117,65
302,8000	121,89
302,9000	184,65
303,0000	121,65
303,1000	105,83
303,2000	182,16
303,3000	125,83
303,4000	104,28
303,5000	179,07
303,6000	155,76
303,7000	103,10
303,8000	152,86
303,9000	161,10
304,0000	103,05
304,1000	147,97
304,2000	184,41
304,3000	104,26
304,4000	121,91
304,5000	186,39
304,6000	121,52
304,7000	118,34
304,8000	181,95
304,9000	125,98
305,0000	104,23
305,1000	178,87
305,2000	130,61
305,3000	103,06
305,4000	175,28
305,5000	161,06
305,6000	102,14
305,7000	147,83
305,8000	166,13
305,9000	104,32
306,0000	142,94
306,1000	186,52
306,2000	106,06
306,3000	118,53
306,4000	187,72
306,5000	125,73
306,6000	115,33
306,7000	179,02
306,8000	130,21
306,9000	103,11
307,0000	175,36
307,1000	160,92
307,2000	102,20
307,3000	171,42
307,4000	165,87
307,5000	101,63
307,6000	143,15
307,7000	170,63
307,8000	105,99
307,9000	138,62
308,0000	187,73
308,1000	108,06
308,2000	115,48
308,3000	188,17
308,4000	129,96
308,5000	112,67
308,6000	175,79
308,7000	134,52
308,8000	102,26
308,9000	171,85
309,0000	165,33
309,1000	101,75
309,2000	143,83
309,3000	170,13
309,4000	101,47
309,5000	139,23
309,6000	174,51
309,7000	107,79
309,8000	134,75
309,9000	188,08
310,0000	110,31
310,1000	113,05
310,2000	187,93
310,3000	134,01
310,4000	110,52
310,5000	172,45
310,6000	138,99
310,7000	101,71
310,8000	168,02
310,9000	169,61
311,0000	101,46
311,1000	139,71
311,2000	174,15
311,3000	107,63
311,4000	135,31
311,5000	177,88
311,6000	110,02
311,7000	131,12
311,8000	188,04
311,9000	112,89
312,0000	110,78
312,1000	187,21
312,2000	138,51
312,3000	108,45
312,4000	168,69
312,5000	143,29
312,6000	101,42
312,7000	164,26
312,8000	173,45
312,9000	101,47
313,0000	136,07
313,1000	177,32
313,2000	109,66
313,3000	131,90
313,4000	180,55
313,5000	112,42
313,6000	127,93
313,7000	187,61
313,8000	115,61
313,9000	108,84
314,0000	186,03
314,1000	142,55
314,2000	106,78
314,3000	164,89
314,4000	148,05
314,5000	101,41
314,6000	160,41
314,7000	176,71
314,8000	101,68
314,9000	132,34
315,0000	180,13
315,1000	112,04
315,2000	128,27
315,3000	187,75
315,4000	115,31
315,5000	124,39
315,6000	186,37
315,7000	118,85
315,8000	107,00
315,9000	184,05
316,0000	147,36
316,1000	105,22
316,2000	160,93
316,3000	152,48
316,4000	101,69
316,5000	156,38
316,6000	179,76
316,7000	102,30
316,8000	128,72
316,9000	182,78
317,0000	114,84
317,1000	124,72
317,2000	186,49
317,3000	118,51
317,4000	107,29
317,5000	184,44
317,6000	122,51
317,7000	105,37
317,8000	181,68
317,9000	151,98
318,0000	103,91
318,1000	156,78
318,2000	156,98
318,3000	102,23
318,4000	152,21
318,5000	182,52
318,6000	103,07
318,7000	125,38
318,8000	185,03
318,9000	117,73
319,0000	121,84
319,1000	184,97
319,2000	121,63
319,3000	105,92
319,4000	182,63
319,5000	150,54
319,6000	104,42
319,7000	179,77
319,8000	155,32
319,9000	103,23
320,0000	153,91
320,1000	160,25
320,2000	102,72
320,3000	149,30
320,4000	184,06
320,5000	103,82
320,6000	123,31
320,7000	186,13
320,8000	120,02
320,9000	119,92
321,0000	183,76
321,1000	123,94
321,2000	104,93
321,3000	181,11
321,4000	153,25
321,5000	103,72
321,6000	155,96
321,7000	157,91
321,8000	102,69
321,9000	151,56
322,0000	162,60
322,1000	103,29
322,2000	147,14
322,3000	185,31
322,4000	104,62
322,5000	121,59
322,6000	186,98
322,7000	122,00
322,8000	118,24
322,9000	182,42
323,0000	126,00
323,1000	104,28
323,2000	179,64
323,3000	155,72
323,4000	103,14
323,5000	153,74
323,6000	160,44
323,7000	102,31
323,8000	149,41
323,9000	165,11
324,0000	103,95
324,1000	144,87
324,2000	186,32
324,3000	105,41
324,4000	119,81
324,5000	187,65
324,6000	124,16
324,7000	116,62
324,8000	181,10
324,9000	128,00
325,0000	103,71
325,1000	178,09
325,2000	158,26
325,3000	102,75
325,4000	151,41
325,5000	163,21
325,6000	103,39
325,7000	146,76
325,8000	167,60
325,9000	104,75
326,0000	142,22
326,1000	187,23
326,2000	106,56
326,3000	117,89
326,4000	188,17
326,5000	126,62
326,6000	114,81
326,7000	179,13
326,8000	131,00
326,9000	102,91
327,0000	175,49
327,1000	161,62
327,2000	102,11
327,3000	148,02
327,4000	166,53
327,5000	104,38
327,6000	143,39
327,7000	186,86
327,8000	106,07
327,9000	138,79
328,0000	188,11
328,1000	108,16
328,2000	115,49
328,3000	188,60
328,4000	129,99
328,5000	112,73
328,6000	176,24
328,7000	134,82
328,8000	102,30
328,9000	172,37
329,0000	165,65
329,1000	101,71
329,2000	144,21
329,3000	170,24
329,4000	105,73
329,5000	139,49
329,6000	187,94
329,7000	107,79
329,8000	116,10
329,9000	188,69
330,0000	110,26
330,1000	113,20
330,2000	188,57
330,3000	134,07
330,4000	110,63
330,5000	173,06
330,6000	138,86
330,7000	101,80
330,8000	168,83
330,9000	169,60
331,0000	101,46
331,1000	140,30
331,2000	173,94
331,3000	107,40
331,4000	136,00
331,5000	188,52
331,6000	109,74
331,7000	113,75
331,8000	188,64
331,9000	112,51
332,0000	111,23
332,1000	187,94
332,2000	137,79
332,3000	108,90
332,4000	169,88
332,5000	142,80
332,6000	101,52
332,7000	165,48
332,8000	173,00
332,9000	101,48
333,0000	137,10
333,1000	176,96
333,2000	109,15
333,3000	132,87
333,4000	188,73
333,5000	111,95
333,6000	111,82
333,7000	188,25
333,8000	136,82
333,9000	109,40
334,0000	186,97
334,1000	141,76
334,2000	107,42
334,3000	166,62
334,4000	146,71
334,5000	101,41
334,6000	162,08
334,7000	176,27
334,8000	101,68
334,9000	133,74
335,0000	179,84
335,1000	111,40
335,2000	129,65
335,3000	188,38
335,4000	114,43
335,5000	109,86
335,6000	187,18
335,7000	140,67
335,8000	107,65
335,9000	167,41
336,0000	145,75
336,1000	105,82
336,2000	162,92
336,3000	151,04
336,4000	101,58
336,5000	158,15
336,6000	179,15
336,7000	102,09
336,8000	130,34
336,9000	182,45
337,0000	113,88
337,1000	126,33
337,2000	187,61
337,3000	117,38
337,4000	108,05
337,5000	185,82
337,6000	145,13
337,7000	106,19
337,8000	163,65
337,9000	150,37
338,0000	101,55
338,1000	158,90
338,2000	155,44
338,3000	101,99
338,4000	154,28
338,5000	182,03
338,6000	102,88
338,7000	126,95
338,8000	184,62
338,9000	116,84
339,0000	123,14
339,1000	186,11
339,2000	120,61
339,3000	106,40
339,4000	183,83
339,5000	149,33
339,6000	104,74
339,7000	159,72
339,8000	154,41
339,9000	101,88
340,0000	155,13
340,1000	159,63
340,2000	102,65
340,3000	150,64
340,4000	184,28
340,5000	103,71
340,6000	123,90
340,7000	186,37
340,8000	119,72
340,9000	120,40
341,0000	184,48
341,1000	123,78
341,2000	105,12
341,3000	181,57
341,4000	153,42
341,5000	103,79
341,6000	156,17
341,7000	158,66
341,8000	102,51
341,9000	151,55
342,0000	183,90
342,1000	103,48
342,2000	146,70
342,3000	186,14
342,4000	105,01
342,5000	120,98
342,6000	187,82
342,7000	123,04
342,8000	117,67
342,9000	182,18
343,0000	127,33
343,1000	104,04
343,2000	179,01
343,3000	157,80
343,4000	102,93
343,5000	152,67
343,6000	162,60
343,7000	103,27
343,8000	147,90
343,9000	185,70
344,0000	104,59
344,1000	121,95
344,2000	187,51
344,3000	106,36
344,4000	118,37
344,5000	188,58
344,6000	126,18
344,7000	115,38
344,8000	179,75
344,9000	130,78
345,0000	103,12
345,1000	176,37
345,2000	161,60
345,3000	102,31
345,4000	149,01
345,5000	166,19
345,6000	104,27
345,7000	144,16
345,8000	187,17
345,9000	106,04
346,0000	118,97
346,1000	188,45
346,2000	125,57
346,3000	115,88
346,4000	189,05
346,5000	130,10
346,6000	113,13
346,7000	177,02
346,8000	134,70
346,9000	102,34
347,0000	173,01
347,1000	165,64
347,2000	101,77
347,3000	144,82
347,4000	170,37
347,5000	105,76
347,6000	139,97
347,7000	188,38
347,8000	107,88
347,9000	116,22
348,0000	189,04
348,1000	129,54
348,2000	113,42
348,3000	188,96
348,4000	133,90
348,5000	110,76
348,6000	173,62
348,7000	138,99
348,8000	101,83
348,9000	169,23
349,0000	169,90
349,1000	101,53
349,2000	140,51
349,3000	174,30
349,4000	107,56
349,5000	135,92
349,6000	189,02
349,7000	109,99
349,8000	113,70
349,9000	189,06
350,0000	133,38
350,1000	111,09
350,2000	174,21
350,3000	138,45
350,4000	108,75
350,5000	169,72
350,6000	143,63
350,7000	101,54
350,8000	165,00
350,9000	174,09
351,0000	101,53
351,1000	136,30
351,2000	178,05
351,3000	109,85
351,4000	132,22
351,5000	189,13
351,6000	112,62
351,7000	111,35
351,8000	188,34
351,9000	138,11
352,0000	108,89
352,1000	170,05
352,2000	143,24
352,3000	101,53
352,4000	165,53
352,5000	148,49
352,6000	101,48
352,7000	160,79
352,8000	177,82
352,9000	101,86
353,0000	132,56
353,1000	181,27
353,2000	112,41
353,3000	128,40
353,4000	188,47
353,5000	115,64
353,6000	109,16
353,7000	187,10
353,8000	142,53
353,9000	107,09
354,0000	166,29
354,1000	147,85
354,2000	101,52
354,3000	161,72
354,4000	177,07
354,5000	101,81
354,6000	157,17
354,7000	180,59
354,8000	102,36
354,9000	129,31
355,0000	183,51
355,1000	114,96
355,2000	125,47
355,3000	187,45
355,4000	118,36
355,5000	107,60
355,6000	185,63
355,7000	146,49
355,8000	105,79
355,9000	162,89
356,0000	151,85
356,1000	101,70
356,2000	158,34
356,3000	179,83
356,4000	102,22
356,5000	130,39
356,6000	182,73
356,7000	103,07
356,8000	126,34
356,9000	185,49
357,0000	117,68
357,1000	122,52
357,2000	186,09
357,3000	121,54
357,4000	106,14
357,5000	183,73
357,6000	150,53
357,7000	104,57
357,8000	159,27
357,9000	155,80
358,0000	102,04
358,1000	154,64
358,2000	182,30
358,3000	102,85
358,4000	127,01
358,5000	184,91
358,6000	104,08
358,7000	123,17
358,8000	187,08
358,9000	120,90
359,0000	119,58
359,1000	184,07
359,2000	124,94
359,3000	104,78
359,4000	181,20
359,5000	155,06
359,6000	103,43
359,7000	155,17
359,8000	160,31
359,9000	102,77
360,0000	150,25
360,1000	184,77
360,2000	104,00
360,3000	123,53
360,4000	187,02
360,5000	120,50
360,6000	119,75
360,7000	188,52
360,8000	124,76
360,9000	116,43
361,0000	181,08
361,1000	129,51
361,2000	103,51
361,3000	177,74
361,4000	160,05
361,5000	102,51
361,6000	150,37
361,7000	165,05
361,8000	103,93
361,9000	145,50
362,0000	186,94
362,1000	105,48
362,2000	120,10
362,3000	188,41
362,4000	124,09
362,5000	116,91
362,6000	181,72
362,7000	128,48
362,8000	114,02
362,9000	178,37
363,0000	132,98
363,1000	102,69
363,2000	174,64
363,3000	163,97
363,4000	102,03
363,5000	146,81
363,6000	168,80
363,7000	105,08
363,8000	141,92
363,9000	188,17
364,0000	106,92
364,1000	117,63
364,2000	189,08
364,3000	127,58
364,4000	114,70
364,5000	179,32
364,6000	131,92
364,7000	102,94
364,8000	175,60
364,9000	136,57
365,0000	102,10
365,1000	171,55
365,2000	167,69
365,3000	101,63
365,4000	143,09
365,5000	172,24
365,6000	106,45
365,7000	138,54
365,8000	188,95
365,9000	108,65
366,0000	115,30
366,1000	189,27
366,2000	130,93
366,3000	112,66
366,4000	176,69
366,5000	135,20
366,6000	102,28
366,7000	173,00
366,8000	139,98
366,9000	101,77
367,0000	168,73
367,1000	170,63
367,2000	101,51
367,3000	140,27
367,4000	174,85
367,5000	107,76
367,6000	136,02
367,7000	189,20
367,8000	110,15
367,9000	113,76
368,0000	189,28
368,1000	133,31
368,2000	111,28
368,3000	174,55
368,4000	138,11
368,5000	102,00
368,6000	170,57
368,7000	168,75
368,8000	101,59
368,9000	166,21
369,0000	173,51
369,1000	101,47
369,2000	137,60
369,3000	177,20
369,4000	109,16
369,5000	133,47
369,6000	189,34
369,7000	111,80
369,8000	112,05
369,9000	188,96
370,0000	136,43
370,1000	109,67
370,2000	171,98
370,3000	141,25
370,4000	101,66
370,5000	167,40
370,6000	172,29
370,7000	101,49
370,8000	138,59
370,9000	176,47
371,0000	101,65
371,1000	134,33
371,2000	179,84
371,3000	111,22
371,4000	130,06
371,5000	189,03
371,6000	114,35
371,7000	109,92
371,8000	187,92
371,9000	140,52
372,0000	107,85
372,1000	168,07
372,2000	145,95
372,3000	101,47
372,4000	163,55
372,5000	175,60
372,6000	101,59
372,7000	134,84
372,8000	179,52
372,9000	102,09
373,0000	130,66
373,1000	182,84
373,2000	113,91
373,3000	126,43
373,4000	188,07
373,5000	117,51
373,6000	108,07
373,7000	186,30
373,8000	145,48
373,9000	106,13
374,0000	164,04
374,1000	150,57
374,2000	101,56
374,3000	159,27
374,4000	179,16
374,5000	102,03
374,6000	131,12
374,7000	182,46
374,8000	113,41
374,9000	127,17
375,0000	185,12
375,1000	116,82
375,2000	123,30
375,3000	186,73
375,4000	120,80
375,5000	106,49
375,6000	184,49
375,7000	149,65
375,8000	104,86
375,9000	160,32
376,0000	154,76
376,1000	101,90
376,2000	155,66
376,3000	181,98
376,4000	102,67
376,5000	127,81
376,6000	184,71
376,7000	116,29
376,8000	123,93
376,9000	187,02
377,0000	120,03
377,1000	120,39
377,2000	184,94
377,3000	123,99
377,4000	105,14
377,5000	182,11
377,6000	153,99
377,7000	103,74
377,8000	156,56
