Winkelposition, Messreihe #1
Zeit ( s )	Winkelposition ( rad )
0,0000	-1,019
0,1000	-0,036
0,2000	0,925
0,3000	-0,710
0,4000	-0,393
0,5000	0,941
0,6000	-0,452
0,7000	-0,686
0,8000	0,878
0,9000	-0,071
1,0000	-0,925
1,1000	0,727
1,2000	0,287
1,3000	-1,048
1,4000	0,500
1,5000	0,598
1,6000	-1,046
1,7000	0,199
1,8000	0,815
1,9000	-0,920
2,0000	-0,129
2,1000	0,927
2,2000	-0,677
2,3000	-0,465
2,4000	0,931
2,5000	-0,347
2,6000	-0,759
2,7000	0,845
2,8000	0,024
2,9000	-0,969
3,0000	0,674
3,1000	0,377
3,2000	-1,059
3,3000	0,424
3,4000	0,669
3,5000	-1,024
3,6000	0,115
3,7000	0,858
3,8000	-0,864
3,9000	-0,223
4,0000	0,939
4,1000	-0,591
4,2000	-0,554
4,3000	0,916
4,4000	-0,242
4,5000	-0,828
4,6000	0,806
4,7000	0,130
4,8000	-1,007
4,9000	0,608
5,0000	0,476
5,1000	-1,060
5,2000	0,339
5,3000	0,737
5,4000	-0,991
5,5000	0,016
5,6000	0,894
5,7000	-0,793
5,8000	-0,325
5,9000	0,941
6,0000	-0,489
6,1000	-0,644
6,2000	0,891
6,3000	-0,130
6,4000	-0,894
6,5000	0,752
6,6000	0,245
6,7000	-1,038
6,8000	0,533
6,9000	0,569
7,0000	-1,052
7,1000	0,243
7,2000	0,798
7,3000	-0,942
7,4000	-0,088
7,5000	0,920
7,6000	-0,707
7,7000	-0,427
7,8000	0,935
7,9000	-0,379
8,0000	-0,734
8,1000	0,855
8,2000	-0,003
8,3000	-0,955
8,4000	0,688
8,5000	0,363
8,6000	-1,057
8,7000	0,445
8,8000	0,657
8,9000	-1,029
9,0000	0,132
9,1000	0,853
9,2000	-0,872
9,3000	-0,207
9,4000	0,939
9,5000	-0,598
9,6000	-0,543
9,7000	0,917
9,8000	-0,247
9,9000	-0,822
10,0000	0,809
10,1000	0,127
10,2000	-1,004
10,3000	0,613
10,4000	0,474
10,5000	-1,060
10,6000	0,342
10,7000	0,737
10,8000	-0,990
10,9000	0,017
11,0000	0,894
11,1000	-0,790
11,2000	-0,325
11,3000	0,941
11,4000	-0,487
11,5000	-0,646
11,6000	0,891
11,7000	-0,119
11,8000	-0,897
11,9000	0,751
12,0000	0,254
12,1000	-1,038
12,2000	0,531
12,3000	0,570
12,4000	-1,052
12,5000	0,240
12,6000	0,801
12,7000	-0,938
12,8000	-0,096
12,9000	0,922
13,0000	-0,699
13,1000	-0,437
13,2000	0,935
13,3000	-0,369
13,4000	-0,738
13,5000	0,855
13,6000	0,005
13,7000	-0,957
13,8000	0,688
13,9000	0,366
14,0000	-1,057
14,1000	0,438
14,2000	0,663
14,3000	-1,026
14,4000	0,121
14,5000	0,859
14,6000	-0,864
14,7000	-0,223
14,8000	0,939
14,9000	-0,586
15,0000	-0,554
15,1000	0,916
15,2000	-0,232
15,3000	-0,833
15,4000	0,801
15,5000	0,145
15,6000	-1,008
15,7000	0,602
15,8000	0,487
15,9000	-1,060
16,0000	0,327
16,1000	0,746
16,2000	-0,983
16,3000	0,000
16,4000	0,902
16,5000	-0,776
16,6000	-0,342
16,7000	0,939
16,8000	-0,470
16,9000	-0,663
17,0000	0,886
17,1000	-0,104
17,2000	-0,906
17,3000	0,741
17,4000	0,270
17,5000	-1,043
17,6000	0,514
17,7000	0,589
17,8000	-1,049
17,9000	0,220
18,0000	0,814
18,1000	-0,928
18,2000	-0,110
18,3000	0,927
18,4000	-0,686
18,5000	-0,451
18,6000	0,933
18,7000	-0,353
18,8000	-0,749
18,9000	0,848
19,0000	0,020
19,1000	-0,964
19,2000	0,675
19,3000	0,385
19,4000	-1,059
19,5000	0,424
19,6000	0,677
19,7000	-1,021
19,8000	0,110
19,9000	0,864
20,0000	-0,855
20,1000	-0,234
20,2000	0,939
20,3000	-0,572
20,4000	-0,565
20,5000	0,913
20,6000	-0,215
20,7000	-0,842
20,8000	0,793
20,9000	0,168
21,0000	-1,015
21,1000	0,587
21,2000	0,504
21,3000	-1,060
21,4000	0,313
21,5000	0,762
21,6000	-0,974
21,7000	-0,020
21,8000	0,906
21,9000	-0,756
22,0000	-0,368
22,1000	0,939
22,2000	-0,435
22,3000	-0,688
22,4000	0,875
22,5000	-0,061
22,6000	-0,925
22,7000	0,723
22,8000	0,311
22,9000	-1,051
23,0000	0,485
23,1000	0,624
23,2000	-1,040
23,3000	0,181
23,4000	0,834
23,5000	-0,898
23,6000	-0,165
23,7000	0,935
23,8000	-0,633
23,9000	-0,507
24,0000	0,925
24,1000	-0,284
24,2000	-0,800
24,3000	0,820
24,4000	0,102
24,5000	-0,996
24,6000	0,628
24,7000	0,460
24,8000	-1,060
24,9000	0,358
25,0000	0,730
25,1000	-0,993
25,2000	0,025
25,3000	0,897
25,4000	-0,789
25,5000	-0,328
25,6000	0,941
25,7000	-0,479
25,8000	-0,655
25,9000	0,886
26,0000	-0,101
26,1000	-0,908
26,2000	0,738
26,3000	0,281
26,4000	-1,045
26,5000	0,507
26,6000	0,598
26,7000	-1,045
26,8000	0,204
26,9000	0,825
27,0000	-0,913
27,1000	-0,141
27,2000	0,931
27,3000	-0,658
27,4000	-0,485
27,5000	0,928
27,6000	-0,311
27,7000	-0,782
27,8000	0,829
27,9000	0,075
28,0000	-0,985
28,1000	0,644
28,2000	0,434
28,3000	-1,060
28,4000	0,379
28,5000	0,713
28,6000	-1,002
28,7000	0,053
28,8000	0,886
28,9000	-0,814
29,0000	-0,297
29,1000	0,941
29,2000	-0,511
29,3000	-0,627
29,4000	0,895
29,5000	-0,137
29,6000	-0,888
29,7000	0,756
29,8000	0,243
29,9000	-1,037
30,0000	0,533
30,1000	0,570
30,2000	-1,051
30,3000	0,240
30,4000	0,806
30,5000	-0,935
30,6000	-0,101
30,7000	0,925
30,8000	-0,693
30,9000	-0,443
31,0000	0,933
31,1000	-0,360
31,2000	-0,748
31,3000	0,848
31,4000	0,024
31,5000	-0,963
31,6000	0,674
31,7000	0,388
31,8000	-1,060
31,9000	0,419
32,0000	0,682
32,1000	-1,018
32,2000	0,101
32,3000	0,870
32,4000	-0,847
32,5000	-0,248
32,6000	0,939
32,7000	-0,558
32,8000	-0,581
32,9000	0,908
33,0000	-0,195
33,1000	-0,853
33,2000	0,784
33,3000	0,185
33,4000	-1,021
33,5000	0,575
33,6000	0,523
33,7000	-1,057
33,8000	0,289
33,9000	0,778
34,0000	-0,961
34,1000	-0,044
34,2000	0,914
34,3000	-0,734
34,4000	-0,393
34,5000	0,938
34,6000	-0,408
34,7000	-0,708
34,8000	0,866
34,9000	-0,028
35,0000	-0,939
35,1000	0,705
35,2000	0,342
35,3000	-1,056
35,4000	0,460
35,5000	0,649
35,6000	-1,032
35,7000	0,148
35,8000	0,850
35,9000	-0,877
36,0000	-0,199
36,1000	0,938
36,2000	-0,598
36,3000	-0,540
36,4000	0,917
36,5000	-0,240
36,6000	-0,826
36,7000	0,803
36,8000	0,145
36,9000	-1,008
37,0000	0,602
37,1000	0,493
37,2000	-1,060
37,3000	0,322
37,4000	0,757
37,5000	-0,977
37,6000	-0,009
37,7000	0,906
37,8000	-0,760
37,9000	-0,363
38,0000	0,939
38,1000	-0,440
38,2000	-0,686
38,3000	0,875
38,4000	-0,058
38,5000	-0,927
38,6000	0,718
38,7000	0,317
38,8000	-1,051
38,9000	0,478
39,0000	0,630
39,1000	-1,038
39,2000	0,170
39,3000	0,842
39,4000	-0,891
39,5000	-0,179
39,6000	0,936
39,7000	-0,619
39,8000	-0,523
39,9000	0,920
40,0000	-0,262
40,1000	-0,815
40,2000	0,809
40,3000	0,126
40,4000	-1,002
40,5000	0,609
40,6000	0,481
40,7000	-1,060
40,8000	0,333
40,9000	0,749
41,0000	-0,982
41,1000	-0,002
41,2000	0,903
41,3000	-0,768
41,4000	-0,355
41,5000	0,939
41,6000	-0,446
41,7000	-0,682
41,8000	0,877
41,9000	-0,068
42,0000	-0,922
42,1000	0,719
42,2000	0,311
42,3000	-1,049
42,4000	0,484
42,5000	0,624
42,6000	-1,040
42,7000	0,174
42,8000	0,837
42,9000	-0,895
43,0000	-0,171
43,1000	0,935
43,2000	-0,627
43,3000	-0,517
43,4000	0,920
43,5000	-0,272
43,6000	-0,807
43,7000	0,814
43,8000	0,113
43,9000	-0,999
44,0000	0,622
44,1000	0,468
44,2000	-1,060
44,3000	0,349
44,4000	0,737
44,5000	-0,990
44,6000	0,019
44,7000	0,897
44,8000	-0,785
44,9000	-0,335
45,0000	0,939
45,1000	-0,471
45,2000	-0,658
45,3000	0,883
45,4000	-0,096
45,5000	-0,908
45,6000	0,738
45,7000	0,284
45,8000	-1,046
45,9000	0,506
46,0000	0,602
46,1000	-1,045
46,2000	0,203
46,3000	0,825
46,4000	-0,911
46,5000	-0,145
46,6000	0,933
46,7000	-0,652
46,8000	-0,487
46,9000	0,925
47,0000	-0,302
47,1000	-0,787
47,2000	0,825
47,3000	0,088
47,4000	-0,990
47,5000	0,636
47,6000	0,445
47,7000	-1,062
47,8000	0,369
47,9000	0,724
48,0000	-0,997
48,1000	0,038
48,2000	0,891
48,3000	-0,801
48,4000	-0,313
48,5000	0,939
48,6000	-0,492
48,7000	-0,642
48,8000	0,888
48,9000	-0,110
49,0000	-0,900
49,1000	0,746
49,2000	0,267
49,3000	-1,043
49,4000	0,515
49,5000	0,595
49,6000	-1,048
49,7000	0,212
49,8000	0,820
49,9000	-0,919
50,0000	-0,132
50,1000	0,930
50,2000	-0,660
50,3000	-0,478
50,4000	0,927
50,5000	-0,308
50,6000	-0,782
50,7000	0,829
50,8000	0,072
50,9000	-0,986
51,0000	0,641
51,1000	0,440
51,2000	-1,060
51,3000	0,374
51,4000	0,718
51,5000	-1,001
51,6000	0,046
51,7000	0,888
51,8000	-0,806
51,9000	-0,308
52,0000	0,939
52,1000	-0,493
52,2000	-0,644
52,3000	0,889
52,4000	-0,115
52,5000	-0,902
52,6000	0,741
52,7000	0,272
52,8000	-1,045
52,9000	0,511
53,0000	0,595
53,1000	-1,048
53,2000	0,207
53,3000	0,822
53,4000	-0,916
53,5000	-0,140
53,6000	0,931
53,7000	-0,653
53,8000	-0,487
53,9000	0,927
54,0000	-0,303
54,1000	-0,789
54,2000	0,825
54,3000	0,088
54,4000	-0,990
54,5000	0,635
54,6000	0,446
54,7000	-1,060
54,8000	0,368
54,9000	0,724
55,0000	-0,999
55,1000	0,042
55,2000	0,891
55,3000	-0,803
55,4000	-0,309
55,5000	0,941
55,6000	-0,498
55,7000	-0,635
55,8000	0,892
55,9000	-0,127
56,0000	-0,892
56,1000	0,752
56,2000	0,251
56,3000	-1,038
56,4000	0,529
56,5000	0,576
56,6000	-1,052
56,7000	0,239
56,8000	0,807
56,9000	-0,935
57,0000	-0,097
57,1000	0,925
57,2000	-0,690
57,3000	-0,443
57,4000	0,933
57,5000	-0,353
57,6000	-0,748
57,7000	0,847
57,8000	0,027
57,9000	-0,964
58,0000	0,674
58,1000	0,390
58,2000	-1,060
58,3000	0,426
58,4000	0,679
58,5000	-1,021
58,6000	0,118
58,7000	0,864
58,8000	-0,858
58,9000	-0,225
59,0000	0,939
59,1000	-0,576
59,2000	-0,558
59,3000	0,914
59,4000	-0,221
59,5000	-0,834
59,6000	0,796
59,7000	0,160
59,8000	-1,012
59,9000	0,597
60,0000	0,500
60,1000	-1,060
60,2000	0,324
60,3000	0,757
60,4000	-0,979
60,5000	-0,003
60,6000	0,905
60,7000	-0,768
60,8000	-0,349
60,9000	0,939
61,0000	-0,456
61,1000	-0,669
61,2000	0,881
61,3000	-0,082
61,4000	-0,911
61,5000	0,734
61,6000	0,292
61,7000	-1,046
61,8000	0,509
61,9000	0,606
62,0000	-1,046
62,1000	0,212
62,2000	0,825
62,3000	-0,914
62,4000	-0,129
62,5000	0,930
62,6000	-0,664
62,7000	-0,474
62,8000	0,930
62,9000	-0,322
63,0000	-0,770
63,1000	0,834
63,2000	0,064
63,3000	-0,979
63,4000	0,655
63,5000	0,426
63,6000	-1,060
63,7000	0,394
63,8000	0,705
63,9000	-1,007
64,0000	0,071
64,1000	0,883
64,2000	-0,820
64,3000	-0,286
64,4000	0,941
64,5000	-0,517
64,6000	-0,617
64,7000	0,895
64,8000	-0,141
64,9000	-0,884
65,0000	0,760
65,1000	0,242
65,2000	-1,037
65,3000	0,536
65,4000	0,570
65,5000	-1,051
65,6000	0,243
65,7000	0,806
65,8000	-0,933
65,9000	-0,099
66,0000	0,925
66,1000	-0,688
66,2000	-0,449
66,3000	0,931
66,4000	-0,344
66,5000	-0,757
66,6000	0,844
66,7000	0,042
66,8000	-0,971
66,9000	0,663
67,0000	0,405
67,1000	-1,060
67,2000	0,405
67,3000	0,694
67,4000	-1,013
67,5000	0,083
67,6000	0,877
67,7000	-0,833
67,8000	-0,265
67,9000	0,939
68,0000	-0,537
68,1000	-0,600
68,2000	0,900
68,3000	-0,165
68,4000	-0,870
68,5000	0,768
68,6000	0,218
68,7000	-1,032
68,8000	0,550
68,9000	0,553
69,0000	-1,054
69,1000	0,261
69,2000	0,793
69,3000	-0,947
69,4000	-0,075
69,5000	0,919
69,6000	-0,712
69,7000	-0,419
69,8000	0,933
69,9000	-0,377
70,0000	-0,732
70,1000	0,851
70,2000	0,005
70,3000	-0,957
70,4000	0,683
70,5000	0,372
70,6000	-1,059
70,7000	0,435
70,8000	0,668
70,9000	-1,026
71,0000	0,126
71,1000	0,859
71,2000	-0,864
71,3000	-0,217
71,4000	0,939
71,5000	-0,583
71,6000	-0,554
71,7000	0,913
71,8000	-0,223
71,9000	-0,834
72,0000	0,795
72,1000	0,160
72,2000	-1,013
72,3000	0,592
72,4000	0,504
72,5000	-1,060
72,6000	0,317
72,7000	0,759
72,8000	-0,975
72,9000	-0,011
73,0000	0,905
73,1000	-0,760
73,2000	-0,363
73,3000	0,938
73,4000	-0,435
73,5000	-0,685
73,6000	0,873
73,7000	-0,060
73,8000	-0,925
73,9000	0,719
74,0000	0,317
74,1000	-1,051
74,2000	0,484
74,3000	0,625
74,4000	-1,038
74,5000	0,179
74,6000	0,837
74,7000	-0,895
74,8000	-0,168
74,9000	0,935
75,0000	-0,625
75,1000	-0,514
75,2000	0,920
75,3000	-0,265
75,4000	-0,809
75,5000	0,814
75,6000	0,121
75,7000	-1,001
75,8000	0,619
75,9000	0,476
76,0000	-1,060
76,1000	0,346
76,2000	0,745
76,3000	-0,985
76,4000	0,014
76,5000	0,900
76,6000	-0,778
76,7000	-0,342
76,8000	0,939
76,9000	-0,454
77,0000	-0,671
77,1000	0,880
77,2000	-0,079
77,3000	-0,914
77,4000	0,730
77,5000	0,300
77,6000	-1,048
77,7000	0,496
77,8000	0,617
77,9000	-1,041
78,0000	0,192
78,1000	0,831
78,2000	-0,903
78,3000	-0,159
78,4000	0,935
78,5000	-0,633
78,6000	-0,504
78,7000	0,924
78,8000	-0,281
78,9000	-0,801
79,0000	0,818
79,1000	0,110
79,2000	-0,996
79,3000	0,625
79,4000	0,465
79,5000	-1,060
79,6000	0,357
79,7000	0,737
79,8000	-0,990
79,9000	0,022
80,0000	0,898
80,1000	-0,784
80,2000	-0,330
80,3000	0,939
80,4000	-0,473
80,5000	-0,660
80,6000	0,883
80,7000	-0,091
80,8000	-0,908
80,9000	0,735
81,0000	0,291
81,1000	-1,046
81,2000	0,504
81,3000	0,609
81,4000	-1,045
81,5000	0,199
81,6000	0,829
81,7000	-0,908
81,8000	-0,145
81,9000	0,933
82,0000	-0,650
82,1000	-0,490
82,2000	0,927
82,3000	-0,297
82,4000	-0,789
82,5000	0,823
82,6000	0,096
82,7000	-0,990
82,8000	0,636
82,9000	0,451
83,0000	-1,060
83,1000	0,366
83,2000	0,730
83,3000	-0,996
83,4000	0,041
83,5000	0,894
83,6000	-0,800
83,7000	-0,316
83,8000	0,939
83,9000	-0,484
84,0000	-0,644
84,1000	0,888
84,2000	-0,107
84,3000	-0,900
84,4000	0,743
84,5000	0,275
84,6000	-1,043
84,7000	0,517
84,8000	0,594
84,9000	-1,048
85,0000	0,218
85,1000	0,820
85,2000	-0,920
85,3000	-0,126
85,4000	0,930
85,5000	-0,664
85,6000	-0,470
85,7000	0,927
85,8000	-0,319
85,9000	-0,771
86,0000	0,834
86,1000	0,068
86,2000	-0,980
86,3000	0,652
86,4000	0,426
86,5000	-1,062
86,6000	0,391
86,7000	0,710
86,8000	-1,005
86,9000	0,066
87,0000	0,884
87,1000	-0,817
87,2000	-0,286
87,3000	0,939
87,4000	-0,514
87,5000	-0,619
87,6000	0,894
87,7000	-0,135
87,8000	-0,884
87,9000	0,757
88,0000	0,247
88,1000	-1,038
88,2000	0,536
88,3000	0,575
88,4000	-1,051
88,5000	0,237
88,6000	0,809
88,7000	-0,930
88,8000	-0,105
88,9000	0,925
89,0000	-0,680
89,1000	-0,454
89,2000	0,930
89,3000	-0,335
89,4000	-0,762
89,5000	0,839
89,6000	0,053
89,7000	-0,977
89,8000	0,657
89,9000	0,416
90,0000	-1,060
90,1000	0,396
90,2000	0,704
90,3000	-1,008
90,4000	0,072
90,5000	0,881
90,6000	-0,823
90,7000	-0,280
90,8000	0,939
90,9000	-0,520
91,0000	-0,616
91,1000	0,895
91,2000	-0,143
91,3000	-0,884
91,4000	0,757
91,5000	0,243
91,6000	-1,040
91,7000	0,529
91,8000	0,576
91,9000	-1,051
92,0000	0,232
92,1000	0,811
92,2000	-0,928
92,3000	-0,110
92,4000	0,927
92,5000	-0,679
92,6000	-0,459
92,7000	0,930
92,8000	-0,333
92,9000	-0,765
93,0000	0,837
93,1000	0,055
93,2000	-0,979
93,3000	0,652
93,4000	0,421
93,5000	-1,060
93,6000	0,391
93,7000	0,707
93,8000	-1,007
93,9000	0,071
94,0000	0,881
94,1000	-0,820
94,2000	-0,283
94,3000	0,941
94,4000	-0,517
94,5000	-0,617
94,6000	0,895
94,7000	-0,141
94,8000	-0,883
94,9000	0,759
95,0000	0,239
95,1000	-1,035
95,2000	0,537
95,3000	0,570
95,4000	-1,052
95,5000	0,245
95,6000	0,806
95,7000	-0,936
95,8000	-0,094
95,9000	0,925
96,0000	-0,690
96,1000	-0,443
96,2000	0,933
96,3000	-0,347
96,4000	-0,754
96,5000	0,842
96,6000	0,041
96,7000	-0,971
96,8000	0,666
96,9000	0,404
97,0000	-1,060
97,1000	0,410
97,2000	0,697
97,3000	-1,013
97,4000	0,093
97,5000	0,875
97,6000	-0,836
97,7000	-0,259
97,8000	0,941
97,9000	-0,539
98,0000	-0,594
98,1000	0,903
98,2000	-0,171
98,3000	-0,864
98,4000	0,774
98,5000	0,215
98,6000	-1,029
98,7000	0,561
98,8000	0,550
98,9000	-1,054
99,0000	0,272
99,1000	0,792
99,2000	-0,952
99,3000	-0,063
99,4000	0,919
99,5000	-0,716
99,6000	-0,410
99,7000	0,936
99,8000	-0,386
99,9000	-0,721
100,0000	0,859
100,1000	-0,003
100,2000	-0,947
100,3000	0,694
100,4000	0,363
100,5000	-1,057
100,6000	0,449
100,7000	0,663
100,8000	-1,027
100,9000	0,137
101,0000	0,858
101,1000	-0,867
101,2000	-0,209
101,3000	0,938
101,4000	-0,591
101,5000	-0,547
101,6000	0,914
101,7000	-0,231
101,8000	-0,826
101,9000	0,801
102,0000	0,154
102,1000	-1,010
102,2000	0,602
102,3000	0,500
102,4000	-1,060
102,5000	0,324
102,6000	0,759
102,7000	-0,975
102,8000	-0,008
102,9000	0,906
103,0000	-0,763
103,1000	-0,358
103,2000	0,938
103,3000	-0,441
103,4000	-0,679
103,5000	0,877
103,6000	-0,061
103,7000	-0,922
103,8000	0,724
103,9000	0,311
104,0000	-1,051
104,1000	0,487
104,2000	0,625
104,3000	-1,040
104,4000	0,182
104,5000	0,837
104,6000	-0,898
104,7000	-0,163
104,8000	0,935
104,9000	-0,633
105,0000	-0,506
105,1000	0,920
105,2000	-0,276
105,3000	-0,801
105,4000	0,818
105,5000	0,102
105,6000	-0,994
105,7000	0,627
105,8000	0,460
105,9000	-1,062
106,0000	0,358
106,1000	0,732
106,2000	-0,994
106,3000	0,030
106,4000	0,894
106,5000	-0,795
106,6000	-0,319
106,7000	0,939
106,8000	-0,484
106,9000	-0,647
107,0000	0,886
107,1000	-0,107
107,2000	-0,902
107,3000	0,738
107,4000	0,278
107,5000	-1,045
107,6000	0,509
107,7000	0,600
107,8000	-1,046
107,9000	0,207
108,0000	0,825
108,1000	-0,913
108,2000	-0,138
108,3000	0,931
108,4000	-0,653
108,5000	-0,489
108,6000	0,924
108,7000	-0,298
108,8000	-0,789
108,9000	0,823
109,0000	0,088
109,1000	-0,990
109,2000	0,636
109,3000	0,448
109,4000	-1,060
109,5000	0,369
109,6000	0,723
109,7000	-0,999
109,8000	0,046
109,9000	0,891
110,0000	-0,801
110,1000	-0,308
110,2000	0,939
110,3000	-0,493
110,4000	-0,638
110,5000	0,889
110,6000	-0,116
110,7000	-0,895
110,8000	0,746
110,9000	0,265
111,0000	-1,041
111,1000	0,520
111,2000	0,591
111,3000	-1,049
111,4000	0,221
111,5000	0,818
111,6000	-0,920
111,7000	-0,119
111,8000	0,928
111,9000	-0,668
112,0000	-0,467
112,1000	0,927
112,2000	-0,319
112,3000	-0,773
112,4000	0,833
112,5000	0,069
112,6000	-0,982
112,7000	0,649
112,8000	0,432
112,9000	-1,060
113,0000	0,385
113,1000	0,716
113,2000	-1,004
113,3000	0,061
113,4000	0,886
113,5000	-0,812
113,6000	-0,292
113,7000	0,939
113,8000	-0,504
113,9000	-0,627
114,0000	0,892
114,1000	-0,127
114,2000	-0,892
114,3000	0,749
114,4000	0,264
114,5000	-1,041
114,6000	0,522
114,7000	0,594
114,8000	-1,048
114,9000	0,223
115,0000	0,818
115,1000	-0,919
115,2000	-0,124
115,3000	0,930
115,4000	-0,660
115,5000	-0,476
115,6000	0,927
115,7000	-0,308
115,8000	-0,781
115,9000	0,828
116,0000	0,083
116,1000	-0,986
116,2000	0,641
116,3000	0,445
116,4000	-1,060
116,5000	0,377
116,6000	0,723
116,7000	-0,997
116,8000	0,046
116,9000	0,891
117,0000	-0,800
117,1000	-0,309
117,2000	0,941
117,3000	-0,487
117,4000	-0,647
117,5000	0,888
117,6000	-0,104
117,7000	-0,902
117,8000	0,740
117,9000	0,278
118,0000	-1,045
118,1000	0,512
118,2000	0,602
118,3000	-1,046
118,4000	0,209
118,5000	0,826
118,6000	-0,911
118,7000	-0,138
118,8000	0,931
118,9000	-0,650
119,0000	-0,489
119,1000	0,925
119,2000	-0,298
119,3000	-0,789
119,4000	0,823
119,5000	0,096
119,6000	-0,991
119,7000	0,636
119,8000	0,452
119,9000	-1,060
120,0000	0,368
120,1000	0,730
120,2000	-0,996
120,3000	0,036
120,4000	0,894
120,5000	-0,793
120,6000	-0,319
120,7000	0,939
120,8000	-0,481
120,9000	-0,649
121,0000	0,886
121,1000	-0,097
121,2000	-0,903
121,3000	0,740
121,4000	0,283
121,5000	-1,045
121,6000	0,509
121,7000	0,605
121,8000	-1,046
121,9000	0,210
122,0000	0,826
122,1000	-0,913
122,2000	-0,135
122,3000	0,933
122,4000	-0,655
122,5000	-0,481
122,6000	0,927
122,7000	-0,303
122,8000	-0,782
122,9000	0,826
123,0000	0,090
123,1000	-0,988
123,2000	0,641
123,3000	0,445
123,4000	-1,062
123,5000	0,377
123,6000	0,724
123,7000	-0,999
123,8000	0,049
123,9000	0,891
124,0000	-0,806
124,1000	-0,303
124,2000	0,939
124,3000	-0,496
124,4000	-0,631
124,5000	0,889
124,6000	-0,118
124,7000	-0,894
124,8000	0,749
124,9000	0,265
125,0000	-1,041
125,1000	0,522
125,2000	0,592
125,3000	-1,048
125,4000	0,223
125,5000	0,820
125,6000	-0,920
125,7000	-0,121
125,8000	0,928
125,9000	-0,666
126,0000	-0,467
126,1000	0,928
126,2000	-0,317
126,3000	-0,773
126,4000	0,833
126,5000	0,072
126,6000	-0,983
126,7000	0,649
126,8000	0,432
126,9000	-1,060
127,0000	0,386
127,1000	0,716
127,2000	-1,002
127,3000	0,058
127,4000	0,886
127,5000	-0,811
127,6000	-0,294
127,7000	0,939
127,8000	-0,504
127,9000	-0,630
128,0000	0,891
128,1000	-0,123
128,2000	-0,891
128,3000	0,751
128,4000	0,254
128,5000	-1,041
128,6000	0,525
128,7000	0,586
128,8000	-1,049
128,9000	0,223
129,0000	0,815
129,1000	-0,922
129,2000	-0,123
129,3000	0,928
129,4000	-0,664
129,5000	-0,476
129,6000	0,927
129,7000	-0,313
129,8000	-0,779
129,9000	0,828
130,0000	0,074
130,1000	-0,986
130,2000	0,644
130,3000	0,435
130,4000	-1,060
130,5000	0,379
130,6000	0,716
130,7000	-1,002
130,8000	0,055
130,9000	0,886
131,0000	-0,811
131,1000	-0,298
131,2000	0,939
131,3000	-0,503
131,4000	-0,630
131,5000	0,891
131,6000	-0,126
131,7000	-0,892
131,8000	0,751
131,9000	0,259
132,0000	-1,040
132,1000	0,523
132,2000	0,584
132,3000	-1,049
132,4000	0,226
132,5000	0,815
132,6000	-0,925
132,7000	-0,116
132,8000	0,927
132,9000	-0,672
133,0000	-0,463
133,1000	0,928
133,2000	-0,324
133,3000	-0,770
133,4000	0,834
133,5000	0,064
133,6000	-0,980
133,7000	0,650
133,8000	0,426
133,9000	-1,060
134,0000	0,390
134,1000	0,712
134,2000	-1,005
134,3000	0,069
134,4000	0,883
134,5000	-0,818
134,6000	-0,286
134,7000	0,939
134,8000	-0,512
134,9000	-0,619
135,0000	0,895
135,1000	-0,140
135,2000	-0,883
135,3000	0,757
135,4000	0,243
135,5000	-1,037
135,6000	0,537
135,7000	0,576
135,8000	-1,051
135,9000	0,245
136,0000	0,806
136,1000	-0,935
136,2000	-0,096
136,3000	0,925
136,4000	-0,686
136,5000	-0,443
136,6000	0,930
136,7000	-0,342
136,8000	-0,754
136,9000	0,842
137,0000	0,046
137,1000	-0,971
137,2000	0,663
137,3000	0,416
137,4000	-1,060
137,5000	0,408
137,6000	0,699
137,7000	-1,012
137,8000	0,086
137,9000	0,878
138,0000	-0,826
138,1000	-0,267
138,2000	0,941
138,3000	-0,526
138,4000	-0,606
138,5000	0,898
138,6000	-0,152
138,7000	-0,873
138,8000	0,765
138,9000	0,236
139,0000	-1,034
139,1000	0,548
139,2000	0,564
139,3000	-1,052
139,4000	0,256
139,5000	0,803
139,6000	-0,938
139,7000	-0,090
139,8000	0,925
139,9000	-0,690
140,0000	-0,445
140,1000	0,931
140,2000	-0,342
140,3000	-0,757
140,4000	0,840
140,5000	0,052
140,6000	-0,975
140,7000	0,661
140,8000	0,416
140,9000	-1,062
141,0000	0,401
141,1000	0,705
141,2000	-1,008
141,3000	0,077
141,4000	0,880
141,5000	-0,825
141,6000	-0,276
141,7000	0,939
141,8000	-0,523
141,9000	-0,613
142,0000	0,897
142,1000	-0,143
142,2000	-0,881
142,3000	0,760
142,4000	0,242
142,5000	-1,035
142,6000	0,539
142,7000	0,572
142,8000	-1,051
142,9000	0,248
143,0000	0,803
143,1000	-0,938
143,2000	-0,091
143,3000	0,925
143,4000	-0,693
143,5000	-0,440
143,6000	0,933
143,7000	-0,353
143,8000	-0,745
143,9000	0,848
144,0000	0,027
144,1000	-0,963
144,2000	0,675
144,3000	0,393
144,4000	-1,060
144,5000	0,424
144,6000	0,683
144,7000	-1,018
144,8000	0,108
144,9000	0,869
145,0000	-0,850
145,1000	-0,240
145,2000	0,939
145,3000	-0,562
145,4000	-0,572
145,5000	0,908
145,6000	-0,198
145,7000	-0,847
145,8000	0,785
145,9000	0,185
146,0000	-1,019
146,1000	0,580
146,2000	0,522
146,3000	-1,057
146,4000	0,300
146,5000	0,773
146,6000	-0,968
146,7000	-0,028
146,8000	0,909
146,9000	-0,749
147,0000	-0,371
147,1000	0,938
147,2000	-0,423
147,3000	-0,693
147,4000	0,870
147,5000	-0,046
147,6000	-0,928
147,7000	0,715
147,8000	0,327
147,9000	-1,052
148,0000	0,479
148,1000	0,633
148,2000	-1,038
148,3000	0,176
148,4000	0,839
148,5000	-0,895
148,6000	-0,162
148,7000	0,935
148,8000	-0,628
148,9000	-0,507
149,0000	0,920
149,1000	-0,275
149,2000	-0,798
149,3000	0,817
149,4000	0,107
149,5000	-0,994
149,6000	0,631
149,7000	0,457
149,8000	-1,062
149,9000	0,364
150,0000	0,730
150,1000	-0,996
150,2000	0,042
150,3000	0,891
150,4000	-0,801
150,5000	-0,306
150,6000	0,939
150,7000	-0,495
150,8000	-0,633
150,9000	0,889
151,0000	-0,116
151,1000	-0,897
151,2000	0,749
151,3000	0,265
151,4000	-1,041
151,5000	0,523
151,6000	0,589
151,7000	-1,048
151,8000	0,223
151,9000	0,818
152,0000	-0,920
152,1000	-0,121
152,2000	0,928
152,3000	-0,668
152,4000	-0,468
152,5000	0,927
152,6000	-0,319
152,7000	-0,774
152,8000	0,833
152,9000	0,069
153,0000	-0,983
153,1000	0,649
153,2000	0,430
153,3000	-1,060
153,4000	0,386
153,5000	0,713
153,6000	-1,004
153,7000	0,063
153,8000	0,883
153,9000	-0,815
154,0000	-0,291
154,1000	0,939
154,2000	-0,507
154,3000	-0,627
154,4000	0,892
154,5000	-0,130
154,6000	-0,889
154,7000	0,752
154,8000	0,250
154,9000	-1,040
155,0000	0,531
155,1000	0,580
155,2000	-1,051
155,3000	0,237
155,4000	0,807
155,5000	-0,930
155,6000	-0,104
155,7000	0,925
155,8000	-0,682
155,9000	-0,456
156,0000	0,928
156,1000	-0,338
156,2000	-0,760
156,3000	0,837
156,4000	0,049
156,5000	-0,975
156,6000	0,658
156,7000	0,418
156,8000	-1,060
156,9000	0,399
157,0000	0,701
157,1000	-1,010
157,2000	0,079
157,3000	0,878
157,4000	-0,826
157,5000	-0,275
157,6000	0,939
157,7000	-0,528
157,8000	-0,606
157,9000	0,898
158,0000	-0,157
158,1000	-0,870
158,2000	0,767
158,3000	0,225
158,4000	-1,032
158,5000	0,553
158,6000	0,554
158,7000	-1,054
158,8000	0,265
158,9000	0,795
159,0000	-0,946
159,1000	-0,072
159,2000	0,920
159,3000	-0,708
159,4000	-0,423
159,5000	0,933
159,6000	-0,368
159,7000	-0,734
159,8000	0,850
159,9000	0,017
160,0000	-0,958
160,1000	0,682
160,2000	0,382
160,3000	-1,059
160,4000	0,434
160,5000	0,677
160,6000	-1,021
160,7000	0,116
160,8000	0,866
160,9000	-0,851
161,0000	-0,236
161,1000	0,939
161,2000	-0,561
161,3000	-0,572
161,4000	0,908
161,5000	-0,190
161,6000	-0,848
161,7000	0,789
161,8000	0,184
161,9000	-1,019
162,0000	0,581
162,1000	0,523
162,2000	-1,059
162,3000	0,302
162,4000	0,773
162,5000	-0,964
162,6000	-0,035
162,7000	0,913
162,8000	-0,737
162,9000	-0,385
163,0000	0,936
163,1000	-0,405
163,2000	-0,704
163,3000	0,866
163,4000	-0,027
163,5000	-0,938
163,6000	0,707
163,7000	0,346
163,8000	-1,056
163,9000	0,467
164,0000	0,649
164,1000	-1,032
164,2000	0,152
164,3000	0,851
164,4000	-0,877
164,5000	-0,196
164,6000	0,938
164,7000	-0,597
164,8000	-0,537
164,9000	0,916
165,0000	-0,236
165,1000	-0,825
165,2000	0,803
165,3000	0,152
165,4000	-1,010
165,5000	0,598
165,6000	0,501
165,7000	-1,059
165,8000	0,319
165,9000	0,762
166,0000	-0,974
166,1000	-0,014
166,2000	0,908
166,3000	-0,754
166,4000	-0,363
166,5000	0,938
166,6000	-0,434
166,7000	-0,686
166,8000	0,872
166,9000	-0,050
167,0000	-0,928
167,1000	0,716
167,2000	0,325
167,3000	-1,052
167,4000	0,476
167,5000	0,638
167,6000	-1,037
167,7000	0,165
167,8000	0,845
167,9000	-0,888
168,0000	-0,181
168,1000	0,936
168,2000	-0,614
168,3000	-0,525
168,4000	0,920
168,5000	-0,254
168,6000	-0,814
168,7000	0,807
168,8000	0,134
168,9000	-1,005
169,0000	0,609
169,1000	0,487
169,2000	-1,060
169,3000	0,333
169,4000	0,756
169,5000	-0,980
169,6000	0,005
169,7000	0,903
169,8000	-0,770
169,9000	-0,349
170,0000	0,938
170,1000	-0,446
170,2000	-0,674
170,3000	0,875
170,4000	-0,069
170,5000	-0,919
170,6000	0,726
170,7000	0,311
170,8000	-1,048
170,9000	0,492
171,0000	0,622
171,1000	-1,041
171,2000	0,190
171,3000	0,837
171,4000	-0,900
171,5000	-0,157
171,6000	0,935
171,7000	-0,631
171,8000	-0,501
171,9000	0,924
172,0000	-0,278
172,1000	-0,798
172,2000	0,817
172,3000	0,112
172,4000	-0,994
172,5000	0,628
172,6000	0,463
172,7000	-1,062
172,8000	0,363
172,9000	0,735
173,0000	-0,993
173,1000	0,036
173,2000	0,895
173,3000	-0,790
173,4000	-0,316
173,5000	0,939
173,6000	-0,479
173,7000	-0,649
173,8000	0,886
173,9000	-0,099
174,0000	-0,900
174,1000	0,743
174,2000	0,281
174,3000	-1,045
174,4000	0,518
174,5000	0,602
174,6000	-1,046
174,7000	0,218
174,8000	0,825
174,9000	-0,914
175,0000	-0,129
175,1000	0,931
175,2000	-0,658
175,3000	-0,476
175,4000	0,927
175,5000	-0,305
175,6000	-0,779
175,7000	0,828
175,8000	0,086
175,9000	-0,988
176,0000	0,644
176,1000	0,446
176,2000	-1,060
176,3000	0,377
176,4000	0,724
176,5000	-0,997
176,6000	0,050
176,7000	0,891
176,8000	-0,801
176,9000	-0,305
177,0000	0,939
177,1000	-0,492
177,2000	-0,638
177,3000	0,888
177,4000	-0,112
177,5000	-0,898
177,6000	0,745
177,7000	0,278
177,8000	-1,043
177,9000	0,518
178,0000	0,598
178,1000	-1,046
178,2000	0,215
178,3000	0,825
178,4000	-0,914
178,5000	-0,132
178,6000	0,930
178,7000	-0,655
178,8000	-0,481
178,9000	0,927
179,0000	-0,303
179,1000	-0,784
179,2000	0,825
179,3000	0,093
179,4000	-0,990
179,5000	0,641
179,6000	0,446
179,7000	-1,062
179,8000	0,372
179,9000	0,727
180,0000	-0,997
180,1000	0,047
180,2000	0,891
180,3000	-0,803
180,4000	-0,305
180,5000	0,939
180,6000	-0,496
180,7000	-0,635
180,8000	0,888
180,9000	-0,113
181,0000	-0,895
181,1000	0,748
181,2000	0,267
181,3000	-1,040
181,4000	0,522
181,5000	0,594
181,6000	-1,048
181,7000	0,226
181,8000	0,818
181,9000	-0,922
182,0000	-0,119
182,1000	0,928
182,2000	-0,669
182,3000	-0,465
182,4000	0,928
182,5000	-0,317
182,6000	-0,770
182,7000	0,833
182,8000	0,068
182,9000	-0,979
183,0000	0,655
183,1000	0,426
183,2000	-1,062
183,3000	0,396
183,4000	0,708
183,5000	-1,008
183,6000	0,075
183,7000	0,883
183,8000	-0,825
183,9000	-0,273
184,0000	0,939
184,1000	-0,522
184,2000	-0,608
184,3000	0,897
184,4000	-0,148
184,5000	-0,877
184,6000	0,762
184,7000	0,237
184,8000	-1,034
184,9000	0,543
185,0000	0,567
185,1000	-1,052
185,2000	0,254
185,3000	0,803
185,4000	-0,938
185,5000	-0,085
185,6000	0,922
185,7000	-0,694
185,8000	-0,434
185,9000	0,931
186,0000	-0,353
186,1000	-0,745
186,2000	0,845
186,3000	0,038
186,4000	-0,966
186,5000	0,672
186,6000	0,399
186,7000	-1,060
186,8000	0,419
186,9000	0,688
187,0000	-1,018
187,1000	0,105
187,2000	0,870
187,3000	-0,844
187,4000	-0,240
187,5000	0,939
187,6000	-0,554
187,7000	-0,578
187,8000	0,905
187,9000	-0,185
188,0000	-0,855
188,1000	0,782
188,2000	0,193
188,3000	-1,024
188,4000	0,573
188,5000	0,531
188,6000	-1,057
188,7000	0,289
188,8000	0,781
188,9000	-0,958
189,0000	-0,042
189,1000	0,913
189,2000	-0,734
189,3000	-0,391
189,4000	0,935
189,5000	-0,401
189,6000	-0,710
189,7000	0,862
189,8000	-0,022
189,9000	-0,942
190,0000	0,699
190,1000	0,350
190,2000	-1,056
190,3000	0,456
190,4000	0,655
190,5000	-1,030
190,6000	0,149
190,7000	0,850
190,8000	-0,877
190,9000	-0,198
191,0000	0,936
191,1000	-0,598
191,2000	-0,539
191,3000	0,914
191,4000	-0,237
191,5000	-0,826
191,6000	0,801
191,7000	0,148
191,8000	-1,008
191,9000	0,602
192,0000	0,495
192,1000	-1,060
192,2000	0,330
192,3000	0,754
192,4000	-0,980
192,5000	-0,002
192,6000	0,902
192,7000	-0,768
192,8000	-0,347
192,9000	0,938
193,0000	-0,449
193,1000	-0,675
193,2000	0,875
193,3000	-0,071
193,4000	-0,916
193,5000	0,724
193,6000	0,306
193,7000	-1,048
193,8000	0,498
193,9000	0,616
194,0000	-1,043
194,1000	0,198
194,2000	0,829
194,3000	-0,908
194,4000	-0,141
194,5000	0,931
194,6000	-0,649
194,7000	-0,487
194,8000	0,924
194,9000	-0,297
195,0000	-0,785
195,1000	0,825
195,2000	0,090
195,3000	-0,988
195,4000	0,641
195,5000	0,446
195,6000	-1,060
195,7000	0,380
195,8000	0,721
195,9000	-1,001
196,0000	0,058
196,1000	0,888
196,2000	-0,811
196,3000	-0,292
196,4000	0,939
196,5000	-0,503
196,6000	-0,625
196,7000	0,892
196,8000	-0,126
196,9000	-0,884
197,0000	0,757
197,1000	0,253
197,2000	-1,037
197,3000	0,537
197,4000	0,580
197,5000	-1,051
197,6000	0,245
197,7000	0,809
197,8000	-0,931
197,9000	-0,096
198,0000	0,925
198,1000	-0,686
198,2000	-0,443
198,3000	0,931
198,4000	-0,339
198,5000	-0,752
198,6000	0,844
198,7000	0,046
198,8000	-0,971
198,9000	0,668
199,0000	0,412
199,1000	-1,060
199,2000	0,413
199,3000	0,699
199,4000	-1,013
199,5000	0,094
199,6000	0,877
199,7000	-0,834
199,8000	-0,259
199,9000	0,939
200,0000	-0,534
200,1000	-0,595
200,2000	0,902
200,3000	-0,162
200,4000	-0,866
200,5000	0,773
200,6000	0,223
200,7000	-1,030
200,8000	0,558
200,9000	0,556
201,0000	-1,054
201,1000	0,267
201,2000	0,796
201,3000	-0,944
201,4000	-0,074
201,5000	0,922
201,6000	-0,701
201,7000	-0,424
201,8000	0,933
201,9000	-0,358
202,0000	-0,740
202,1000	0,848
202,2000	0,027
202,3000	-0,963
202,4000	0,674
202,5000	0,399
202,6000	-1,060
202,7000	0,421
202,8000	0,690
202,9000	-1,016
203,0000	0,102
203,1000	0,875
203,2000	-0,839
203,3000	-0,251
203,4000	0,939
203,5000	-0,542
203,6000	-0,591
203,7000	0,902
203,8000	-0,170
203,9000	-0,862
204,0000	0,773
204,1000	0,215
204,2000	-1,029
204,3000	0,561
204,4000	0,550
204,5000	-1,056
204,6000	0,270
204,7000	0,793
204,8000	-0,949
204,9000	-0,066
205,0000	0,920
205,1000	-0,710
205,2000	-0,415
205,3000	0,933
205,4000	-0,375
205,5000	-0,727
205,6000	0,853
205,7000	0,013
205,8000	-0,957
205,9000	0,683
206,0000	0,383
206,1000	-1,059
206,2000	0,434
206,3000	0,679
206,4000	-1,023
206,5000	0,116
206,6000	0,870
206,7000	-0,850
206,8000	-0,232
206,9000	0,938
207,0000	-0,562
207,1000	-0,572
207,2000	0,906
207,3000	-0,192
207,4000	-0,850
207,5000	0,782
207,6000	0,195
207,7000	-1,021
207,8000	0,576
207,9000	0,529
208,0000	-1,059
208,1000	0,295
208,2000	0,781
208,3000	-0,961
208,4000	-0,038
208,5000	0,914
208,6000	-0,734
208,7000	-0,388
208,8000	0,935
208,9000	-0,402
209,0000	-0,707
209,1000	0,862
209,2000	-0,017
209,3000	-0,942
209,4000	0,701
209,5000	0,353
209,6000	-1,057
209,7000	0,457
209,8000	0,660
209,9000	-1,029
210,0000	0,149
210,1000	0,855
210,2000	-0,873
210,3000	-0,199
210,4000	0,936
210,5000	-0,591
210,6000	-0,543
210,7000	0,913
210,8000	-0,223
210,9000	-0,831
211,0000	0,798
211,1000	0,160
211,2000	-1,012
211,3000	0,597
211,4000	0,511
211,5000	-1,060
211,6000	0,317
211,7000	0,767
211,8000	-0,971
211,9000	-0,019
212,0000	0,908
212,1000	-0,748
212,2000	-0,369
212,3000	0,936
212,4000	-0,421
212,5000	-0,694
212,6000	0,867
212,7000	-0,036
212,8000	-0,935
212,9000	0,707
213,0000	0,342
213,1000	-1,054
213,2000	0,468
213,3000	0,649
213,4000	-1,034
213,5000	0,154
213,6000	0,850
213,7000	-0,875
213,8000	-0,195
213,9000	0,936
214,0000	-0,595
214,1000	-0,545
214,2000	0,913
214,3000	-0,228
214,4000	-0,829
214,5000	0,795
214,6000	0,160
214,7000	-1,013
214,8000	0,595
214,9000	0,507
215,0000	-1,060
215,1000	0,313
215,2000	0,765
215,3000	-0,969
215,4000	-0,024
215,5000	0,908
215,6000	-0,749
215,7000	-0,377
215,8000	0,935
215,9000	-0,418
216,0000	-0,697
216,1000	0,866
216,2000	-0,033
216,3000	-0,938
216,4000	0,705
216,5000	0,342
216,6000	-1,054
216,7000	0,465
216,8000	0,649
216,9000	-1,032
217,0000	0,154
217,1000	0,850
217,2000	-0,878
217,3000	-0,196
217,4000	0,936
217,5000	-0,600
217,6000	-0,539
217,7000	0,913
217,8000	-0,234
217,9000	-0,825
218,0000	0,801
218,1000	0,151
218,2000	-1,008
218,3000	0,600
218,4000	0,500
218,5000	-1,060
218,6000	0,324
218,7000	0,759
218,8000	-0,975
218,9000	-0,009
219,0000	0,906
219,1000	-0,757
219,2000	-0,360
219,3000	0,936
219,4000	-0,430
219,5000	-0,683
219,6000	0,870
219,7000	-0,047
219,8000	-0,927
219,9000	0,718
220,0000	0,325
220,1000	-1,052
220,2000	0,481
220,3000	0,636
220,4000	-1,037
220,5000	0,171
220,6000	0,844
220,7000	-0,889
220,8000	-0,173
220,9000	0,935
221,0000	-0,617
221,1000	-0,515
221,2000	0,917
221,3000	-0,254
221,4000	-0,809
221,5000	0,811
221,6000	0,130
221,7000	-1,002
221,8000	0,617
221,9000	0,482
222,0000	-1,060
222,1000	0,346
222,2000	0,746
222,3000	-0,985
222,4000	0,016
222,5000	0,900
222,6000	-0,774
222,7000	-0,336
222,8000	0,938
222,9000	-0,452
223,0000	-0,666
223,1000	0,878
223,2000	-0,069
223,3000	-0,917
223,4000	0,727
223,5000	0,309
223,6000	-1,049
223,7000	0,493
223,8000	0,625
223,9000	-1,040
224,0000	0,187
224,1000	0,837
224,2000	-0,897
224,3000	-0,159
224,4000	0,933
224,5000	-0,627
224,6000	-0,507
224,7000	0,920
224,8000	-0,264
224,9000	-0,806
225,0000	0,812
225,1000	0,126
225,2000	-1,001
225,3000	0,619
225,4000	0,479
225,5000	-1,060
225,6000	0,347
225,7000	0,746
225,8000	-0,985
225,9000	0,016
226,0000	0,900
226,1000	-0,776
226,2000	-0,338
226,3000	0,938
226,4000	-0,454
226,5000	-0,666
226,6000	0,878
226,7000	-0,074
226,8000	-0,916
226,9000	0,730
227,0000	0,305
227,1000	-1,048
227,2000	0,495
227,3000	0,622
227,4000	-1,041
227,5000	0,193
227,6000	0,834
227,7000	-0,902
227,8000	-0,151
227,9000	0,933
228,0000	-0,638
228,1000	-0,496
228,2000	0,922
228,3000	-0,281
228,4000	-0,796
228,5000	0,818
228,6000	0,110
228,7000	-0,993
228,8000	0,628
228,9000	0,465
229,0000	-1,060
229,1000	0,368
229,2000	0,734
229,3000	-0,994
229,4000	0,041
229,5000	0,895
229,6000	-0,796
229,7000	-0,309
229,8000	0,939
229,9000	-0,485
230,0000	-0,638
230,1000	0,889
230,2000	-0,110
230,3000	-0,895
230,4000	0,746
230,5000	0,265
230,6000	-1,040
230,7000	0,531
230,8000	0,584
230,9000	-1,051
231,0000	0,242
231,1000	0,811
231,2000	-0,933
231,3000	-0,091
231,4000	0,924
231,5000	-0,690
231,6000	-0,435
231,7000	0,930
231,8000	-0,352
231,9000	-0,743
232,0000	0,847
232,1000	0,028
232,2000	-0,961
232,3000	0,679
232,4000	0,391
232,5000	-1,059
232,6000	0,435
232,7000	0,679
232,8000	-1,023
232,9000	0,124
233,0000	0,864
233,1000	-0,858
233,2000	-0,218
233,3000	0,938
233,4000	-0,576
233,5000	-0,556
233,6000	0,911
233,7000	-0,217
233,8000	-0,833
233,9000	0,793
234,0000	0,171
234,1000	-1,015
234,2000	0,597
234,3000	0,504
234,4000	-1,060
234,5000	0,324
234,6000	0,760
234,7000	-0,974
234,8000	-0,003
234,9000	0,903
235,0000	-0,763
235,1000	-0,350
235,2000	0,936
235,3000	-0,445
235,4000	-0,672
235,5000	0,873
235,6000	-0,064
235,7000	-0,919
235,8000	0,727
235,9000	0,306
236,0000	-1,048
236,1000	0,498
236,2000	0,616
236,3000	-1,041
236,4000	0,196
236,5000	0,831
236,6000	-0,903
236,7000	-0,152
236,8000	0,931
236,9000	-0,641
237,0000	-0,493
237,1000	0,922
237,2000	-0,286
237,3000	-0,793
237,4000	0,822
237,5000	0,099
237,6000	-0,991
237,7000	0,633
237,8000	0,452
237,9000	-1,062
238,0000	0,372
238,1000	0,726
238,2000	-0,997
238,3000	0,047
238,4000	0,889
238,5000	-0,803
238,6000	-0,305
238,7000	0,938
238,8000	-0,490
238,9000	-0,638
239,0000	0,888
239,1000	-0,113
239,2000	-0,895
239,3000	0,746
239,4000	0,269
239,5000	-1,041
239,6000	0,523
239,7000	0,589
239,8000	-1,048
239,9000	0,226
240,0000	0,817
240,1000	-0,922
240,2000	-0,115
240,3000	0,927
240,4000	-0,671
240,5000	-0,462
240,6000	0,927
240,7000	-0,322
240,8000	-0,765
240,9000	0,834
241,0000	0,066
241,1000	-0,979
241,2000	0,655
241,3000	0,427
241,4000	-1,060
241,5000	0,394
241,6000	0,710
241,7000	-1,008
241,8000	0,077
241,9000	0,881
242,0000	-0,823
242,1000	-0,272
242,2000	0,939
242,3000	-0,525
242,4000	-0,605
242,5000	0,897
242,6000	-0,149
242,7000	-0,873
242,8000	0,765
242,9000	0,232
243,0000	-1,034
243,1000	0,550
243,2000	0,564
243,3000	-1,054
243,4000	0,262
243,5000	0,800
243,6000	-0,942
243,7000	-0,074
243,8000	0,920
243,9000	-0,702
244,0000	-0,419
244,1000	0,931
244,2000	-0,364
244,3000	-0,732
244,4000	0,851
244,5000	0,019
244,6000	-0,957
244,7000	0,682
244,8000	0,388
244,9000	-1,059
245,0000	0,437
245,1000	0,682
245,2000	-1,021
245,3000	0,123
245,4000	0,866
245,5000	-0,851
245,6000	-0,228
245,7000	0,939
245,8000	-0,559
245,9000	-0,570
246,0000	0,908
246,1000	-0,190
246,2000	-0,848
246,3000	0,785
246,4000	0,193
246,5000	-1,021
246,6000	0,578
246,7000	0,533
246,8000	-1,057
246,9000	0,298
247,0000	0,779
247,1000	-0,960
247,2000	-0,036
247,3000	0,914
247,4000	-0,730
247,5000	-0,388
247,6000	0,935
247,7000	-0,399
247,8000	-0,712
247,9000	0,861
248,0000	-0,014
248,1000	-0,944
248,2000	0,699
248,3000	0,361
248,4000	-1,056
248,5000	0,459
248,6000	0,658
248,7000	-1,029
248,8000	0,145
248,9000	0,856
249,0000	-0,867
249,1000	-0,210
249,2000	0,938
249,3000	-0,581
249,4000	-0,553
249,5000	0,909
249,6000	-0,217
249,7000	-0,836
249,8000	0,793
249,9000	0,171
250,0000	-1,015
250,1000	0,592
250,2000	0,511
250,3000	-1,059
250,4000	0,313
250,5000	0,768
250,6000	-0,969
250,7000	-0,022
250,8000	0,908
250,9000	-0,746
251,0000	-0,374
251,1000	0,935
251,2000	-0,418
251,3000	-0,696
251,4000	0,866
251,5000	-0,033
251,6000	-0,935
251,7000	0,710
251,8000	0,338
251,9000	-1,054
252,0000	0,473
252,1000	0,642
252,2000	-1,035
252,3000	0,163
252,4000	0,847
252,5000	-0,883
252,6000	-0,187
252,7000	0,935
252,8000	-0,605
252,9000	-0,529
253,0000	0,916
253,1000	-0,247
253,2000	-0,815
253,3000	0,804
253,4000	0,138
253,5000	-1,005
253,6000	0,611
253,7000	0,487
253,8000	-1,062
253,9000	0,341
254,0000	0,748
254,1000	-0,983
254,2000	0,013
254,3000	0,900
254,4000	-0,776
254,5000	-0,339
254,6000	0,936
254,7000	-0,456
254,8000	-0,663
254,9000	0,877
255,0000	-0,075
255,1000	-0,914
255,2000	0,732
255,3000	0,300
255,4000	-1,046
255,5000	0,506
255,6000	0,611
255,7000	-1,045
255,8000	0,206
255,9000	0,828
256,0000	-0,909
256,1000	-0,138
256,2000	0,930
256,3000	-0,649
256,4000	-0,481
256,5000	0,922
256,6000	-0,294
256,7000	-0,785
256,8000	0,826
256,9000	0,091
257,0000	-0,988
257,1000	0,642
257,2000	0,446
257,3000	-1,062
257,4000	0,383
257,5000	0,719
257,6000	-1,002
257,7000	0,058
257,8000	0,884
257,9000	-0,811
258,0000	-0,289
258,1000	0,938
258,2000	-0,504
258,3000	-0,622
258,4000	0,892
258,5000	-0,129
258,6000	-0,883
258,7000	0,757
258,8000	0,248
258,9000	-1,038
259,0000	0,540
259,1000	0,575
259,2000	-1,052
259,3000	0,248
259,4000	0,804
259,5000	-0,936
259,6000	-0,090
259,7000	0,922
259,8000	-0,690
259,9000	-0,438
260,0000	0,931
260,1000	-0,349
260,2000	-0,748
260,3000	0,842
260,4000	0,041
260,5000	-0,971
260,6000	0,669
260,7000	0,407
260,8000	-1,060
260,9000	0,415
261,0000	0,691
261,1000	-1,015
261,2000	0,099
261,3000	0,875
261,4000	-0,837
261,5000	-0,251
261,6000	0,939
261,7000	-0,545
261,8000	-0,587
261,9000	0,902
262,0000	-0,170
262,1000	-0,862
262,2000	0,776
262,3000	0,210
262,4000	-1,027
262,5000	0,561
262,6000	0,545
262,7000	-1,057
262,8000	0,275
262,9000	0,792
263,0000	-0,950
263,1000	-0,057
263,2000	0,917
263,3000	-0,719
263,4000	-0,404
263,5000	0,933
263,6000	-0,385
263,7000	-0,719
263,8000	0,856
263,9000	-0,002
264,0000	-0,949
264,1000	0,693
264,2000	0,366
264,3000	-1,057
264,4000	0,448
264,5000	0,668
264,6000	-1,027
264,7000	0,141
264,8000	0,856
264,9000	-0,869
265,0000	-0,204
265,1000	0,936
265,2000	-0,587
265,3000	-0,543
265,4000	0,913
265,5000	-0,223
265,6000	-0,828
265,7000	0,798
265,8000	0,162
265,9000	-1,010
266,0000	0,600
266,1000	0,506
266,2000	-1,060
266,3000	0,330
266,4000	0,759
266,5000	-0,977
266,6000	0,003
266,7000	0,903
266,8000	-0,763
266,9000	-0,347
267,0000	0,936
267,1000	-0,443
267,2000	-0,674
267,3000	0,875
267,4000	-0,061
267,5000	-0,917
267,6000	0,729
267,7000	0,309
267,8000	-1,048
267,9000	0,501
268,0000	0,619
268,1000	-1,043
268,2000	0,204
268,3000	0,829
268,4000	-0,906
268,5000	-0,138
268,6000	0,931
268,7000	-0,646
268,8000	-0,484
268,9000	0,925
269,0000	-0,297
269,1000	-0,781
269,2000	0,828
269,3000	0,090
269,4000	-0,985
269,5000	0,649
269,6000	0,440
269,7000	-1,060
269,8000	0,393
269,9000	0,716
270,0000	-1,004
270,1000	0,072
270,2000	0,883
270,3000	-0,815
270,4000	-0,280
270,5000	0,939
270,6000	-0,517
270,7000	-0,611
270,8000	0,895
270,9000	-0,140
271,0000	-0,878
271,1000	0,765
271,2000	0,237
271,3000	-1,034
271,4000	0,550
271,5000	0,565
271,6000	-1,052
271,7000	0,259
271,8000	0,801
271,9000	-0,939
272,0000	-0,079
272,1000	0,922
272,2000	-0,699
272,3000	-0,427
272,4000	0,931
272,5000	-0,358
272,6000	-0,737
272,7000	0,851
272,8000	0,022
272,9000	-0,960
273,0000	0,682
273,1000	0,390
273,2000	-1,059
273,3000	0,434
273,4000	0,682
273,5000	-1,021
273,6000	0,123
273,7000	0,866
273,8000	-0,856
273,9000	-0,225
274,0000	0,938
274,1000	-0,570
274,2000	-0,558
274,3000	0,911
274,4000	-0,214
274,5000	-0,833
274,6000	0,795
274,7000	0,171
274,8000	-1,013
274,9000	0,595
275,0000	0,506
275,1000	-1,060
275,2000	0,330
275,3000	0,757
275,4000	-0,980
275,5000	0,005
275,6000	0,903
275,7000	-0,770
275,8000	-0,335
275,9000	0,938
276,0000	-0,460
276,1000	-0,657
276,2000	0,881
276,3000	-0,090
276,4000	-0,903
276,5000	0,740
276,6000	0,287
276,7000	-1,043
276,8000	0,520
276,9000	0,598
277,0000	-1,048
277,1000	0,232
277,2000	0,815
277,3000	-0,928
277,4000	-0,097
277,5000	0,925
277,6000	-0,685
277,7000	-0,440
277,8000	0,930
277,9000	-0,347
278,0000	-0,743
278,1000	0,847
278,2000	0,030
278,3000	-0,963
278,4000	0,680
278,5000	0,393
278,6000	-1,059
278,7000	0,434
278,8000	0,680
278,9000	-1,023
279,0000	0,130
279,1000	0,862
279,2000	-0,861
279,3000	-0,210
279,4000	0,938
279,5000	-0,581
279,6000	-0,547
279,7000	0,913
279,8000	-0,226
279,9000	-0,828
280,0000	0,801
280,1000	0,157
280,2000	-1,008
280,3000	0,608
280,4000	0,492
280,5000	-1,060
280,6000	0,344
280,7000	0,749
280,8000	-0,985
280,9000	0,020
281,0000	0,898
281,1000	-0,781
281,2000	-0,327
281,3000	0,938
281,4000	-0,468
281,5000	-0,652
281,6000	0,884
281,7000	-0,090
281,8000	-0,905
281,9000	0,740
282,0000	0,283
282,1000	-1,045
282,2000	0,520
282,3000	0,597
282,4000	-1,048
282,5000	0,225
282,6000	0,820
282,7000	-0,919
282,8000	-0,115
282,9000	0,927
283,0000	-0,669
283,1000	-0,460
283,2000	0,927
283,3000	-0,325
283,4000	-0,763
283,5000	0,836
283,6000	0,058
283,7000	-0,977
283,8000	0,660
283,9000	0,421
284,0000	-1,062
284,1000	0,404
284,2000	0,702
284,3000	-1,012
284,4000	0,091
284,5000	0,877
284,6000	-0,833
284,7000	-0,258
284,8000	0,938
284,9000	-0,537
285,0000	-0,592
285,1000	0,902
285,2000	-0,170
285,3000	-0,861
285,4000	0,774
285,5000	0,212
285,6000	-1,027
285,7000	0,569
285,8000	0,540
285,9000	-1,057
286,0000	0,287
286,1000	0,784
286,2000	-0,957
286,3000	-0,041
286,4000	0,913
286,5000	-0,734
286,6000	-0,388
286,7000	0,933
286,8000	-0,407
286,9000	-0,702
287,0000	0,861
287,1000	-0,024
287,2000	-0,936
287,3000	0,707
287,4000	0,344
287,5000	-1,052
287,6000	0,473
287,7000	0,642
287,8000	-1,035
287,9000	0,171
288,0000	0,844
288,1000	-0,889
288,2000	-0,171
288,3000	0,933
288,4000	-0,622
288,5000	-0,509
288,6000	0,917
288,7000	-0,261
288,8000	-0,803
288,9000	0,815
289,0000	0,116
289,1000	-0,996
289,2000	0,630
289,3000	0,462
289,4000	-1,062
289,5000	0,371
289,6000	0,729
289,7000	-0,997
289,8000	0,052
289,9000	0,888
290,0000	-0,806
290,1000	-0,297
290,2000	0,938
290,3000	-0,495
290,4000	-0,625
290,5000	0,891
290,6000	-0,124
290,7000	-0,884
290,8000	0,759
290,9000	0,248
291,0000	-1,037
291,1000	0,547
291,2000	0,569
291,3000	-1,052
291,4000	0,261
291,5000	0,800
291,6000	-0,942
291,7000	-0,072
291,8000	0,920
291,9000	-0,701
292,0000	-0,419
292,1000	0,931
292,2000	-0,366
292,3000	-0,730
292,4000	0,853
292,5000	0,011
292,6000	-0,957
292,7000	0,688
292,8000	0,375
292,9000	-1,059
293,0000	0,445
293,1000	0,666
293,2000	-1,027
293,3000	0,138
293,4000	0,858
293,5000	-0,866
293,6000	-0,206
293,7000	0,936
293,8000	-0,586
293,9000	-0,545
294,0000	0,913
294,1000	-0,225
294,2000	-0,828
294,3000	0,801
294,4000	0,149
294,5000	-1,010
294,6000	0,608
294,7000	0,489
294,8000	-1,060
294,9000	0,339
295,0000	0,751
295,1000	-0,983
295,2000	0,016
295,3000	0,898
295,4000	-0,778
295,5000	-0,333
295,6000	0,936
295,7000	-0,462
295,8000	-0,655
295,9000	0,883
296,0000	-0,094
296,1000	-0,905
296,2000	0,740
296,3000	0,284
296,4000	-1,043
296,5000	0,518
296,6000	0,597
296,7000	-1,048
296,8000	0,229
296,9000	0,815
297,0000	-0,925
297,1000	-0,108
297,2000	0,927
297,3000	-0,674
297,4000	-0,452
297,5000	0,928
297,6000	-0,335
297,7000	-0,756
297,8000	0,840
297,9000	0,047
298,0000	-0,968
298,1000	0,669
298,2000	0,407
298,3000	-1,060
298,4000	0,424
298,5000	0,690
298,6000	-1,018
298,7000	0,112
298,8000	0,870
298,9000	-0,847
299,0000	-0,231
299,1000	0,938
299,2000	-0,562
299,3000	-0,569
299,4000	0,908
299,5000	-0,195
299,6000	-0,842
299,7000	0,789
299,8000	0,182
299,9000	-1,016
300,0000	0,594
300,1000	0,515
300,2000	-1,059
300,3000	0,317
300,4000	0,767
300,5000	-0,971
300,6000	-0,009
300,7000	0,906
300,8000	-0,756
300,9000	-0,355
301,0000	0,936
301,1000	-0,438
301,2000	-0,672
301,3000	0,875
301,4000	-0,063
301,5000	-0,917
301,6000	0,729
301,7000	0,309
301,8000	-1,048
301,9000	0,506
302,0000	0,614
302,1000	-1,045
302,2000	0,209
302,3000	0,829
302,4000	-0,909
302,5000	-0,132
302,6000	0,930
302,7000	-0,653
302,8000	-0,474
302,9000	0,925
303,0000	-0,305
303,1000	-0,773
303,2000	0,833
303,3000	0,077
303,4000	-0,980
303,5000	0,658
303,6000	0,429
303,7000	-1,060
303,8000	0,401
303,9000	0,708
304,0000	-1,008
304,1000	0,085
304,2000	0,878
304,3000	-0,828
304,4000	-0,262
304,5000	0,939
304,6000	-0,529
304,7000	-0,595
304,8000	0,900
304,9000	-0,156
305,0000	-0,867
305,1000	0,773
305,2000	0,221
305,3000	-1,029
305,4000	0,565
305,5000	0,548
305,6000	-1,054
305,7000	0,283
305,8000	0,789
305,9000	-0,953
306,0000	-0,047
306,1000	0,916
306,2000	-0,727
306,3000	-0,390
306,4000	0,935
306,5000	-0,399
306,6000	-0,705
306,7000	0,864
306,8000	-0,019
306,9000	-0,936
307,0000	0,705
307,1000	0,349
307,2000	-1,056
307,3000	0,470
307,4000	0,649
307,5000	-1,034
307,6000	0,167
307,7000	0,847
307,8000	-0,886
307,9000	-0,173
308,0000	0,935
308,1000	-0,619
308,2000	-0,511
308,3000	0,920
308,4000	-0,264
308,5000	-0,801
308,6000	0,817
308,7000	0,115
308,8000	-0,996
308,9000	0,631
309,0000	0,462
309,1000	-1,060
309,2000	0,374
309,3000	0,729
309,4000	-0,997
309,5000	0,057
309,6000	0,889
309,7000	-0,807
309,8000	-0,287
309,9000	0,938
310,0000	-0,507
310,1000	-0,614
310,2000	0,895
310,3000	-0,137
310,4000	-0,875
310,5000	0,763
310,6000	0,240
310,7000	-1,034
310,8000	0,553
310,9000	0,564
311,0000	-1,054
311,1000	0,270
311,2000	0,798
311,3000	-0,946
311,4000	-0,057
311,5000	0,919
311,6000	-0,715
311,7000	-0,402
311,8000	0,933
311,9000	-0,386
312,0000	-0,713
312,1000	0,859
312,2000	-0,006
312,3000	-0,944
312,4000	0,702
312,5000	0,353
312,6000	-1,054
312,7000	0,470
312,8000	0,650
312,9000	-1,034
313,0000	0,170
313,1000	0,848
313,2000	-0,886
313,3000	-0,170
313,4000	0,935
313,5000	-0,619
313,6000	-0,507
313,7000	0,920
313,8000	-0,269
313,9000	-0,800
314,0000	0,817
314,1000	0,115
314,2000	-0,994
314,3000	0,633
314,4000	0,465
314,5000	-1,062
314,6000	0,377
314,7000	0,729
314,8000	-0,999
314,9000	0,058
315,0000	0,889
315,1000	-0,806
315,2000	-0,286
315,3000	0,938
315,4000	-0,507
315,5000	-0,616
315,6000	0,895
315,7000	-0,143
315,8000	-0,877
315,9000	0,763
316,0000	0,240
316,1000	-1,034
316,2000	0,554
316,3000	0,561
316,4000	-1,054
316,5000	0,273
316,6000	0,793
316,7000	-0,947
316,8000	-0,058
316,9000	0,917
317,0000	-0,716
317,1000	-0,405
317,2000	0,933
317,3000	-0,388
317,4000	-0,715
317,5000	0,858
317,6000	-0,006
317,7000	-0,946
317,8000	0,699
317,9000	0,358
318,0000	-1,056
318,1000	0,463
318,2000	0,650
318,3000	-1,032
318,4000	0,163
318,5000	0,845
318,6000	-0,886
318,7000	-0,174
318,8000	0,933
318,9000	-0,622
319,0000	-0,507
319,1000	0,919
319,2000	-0,272
319,3000	-0,795
319,4000	0,820
319,5000	0,102
319,6000	-0,990
319,7000	0,642
319,8000	0,443
319,9000	-1,062
320,0000	0,390
320,1000	0,715
320,2000	-1,007
320,3000	0,080
320,4000	0,878
320,5000	-0,833
320,6000	-0,256
320,7000	0,938
320,8000	-0,542
320,9000	-0,581
321,0000	0,903
321,1000	-0,182
321,2000	-0,848
321,3000	0,787
321,4000	0,184
321,5000	-1,018
321,6000	0,592
321,7000	0,511
321,8000	-1,060
321,9000	0,325
322,0000	0,759
322,1000	-0,979
322,2000	0,009
322,3000	0,902
322,4000	-0,774
322,5000	-0,328
322,6000	0,936
322,7000	-0,470
322,8000	-0,647
322,9000	0,884
323,0000	-0,102
323,1000	-0,895
323,2000	0,752
323,3000	0,261
323,4000	-1,040
323,5000	0,540
323,6000	0,573
323,7000	-1,052
323,8000	0,262
323,9000	0,800
324,0000	-0,946
324,1000	-0,063
324,2000	0,917
324,3000	-0,716
324,4000	-0,401
324,5000	0,933
324,6000	-0,388
324,7000	-0,710
324,8000	0,862
324,9000	-0,025
325,0000	-0,935
325,1000	0,713
325,2000	0,336
325,3000	-1,052
325,4000	0,482
325,5000	0,636
325,6000	-1,038
325,7000	0,188
325,8000	0,834
325,9000	-0,902
326,0000	-0,146
326,1000	0,931
326,2000	-0,642
326,3000	-0,482
326,4000	0,924
326,5000	-0,300
326,6000	-0,778
326,7000	0,831
326,8000	0,077
326,9000	-0,982
327,0000	0,655
327,1000	0,427
327,2000	-1,060
327,3000	0,405
327,4000	0,704
327,5000	-1,010
327,6000	0,096
327,7000	0,873
327,8000	-0,837
327,9000	-0,248
328,0000	0,938
328,1000	-0,548
328,2000	-0,580
328,3000	0,905
328,4000	-0,187
328,5000	-0,850
328,6000	0,784
328,7000	0,193
328,8000	-1,019
328,9000	0,584
329,0000	0,525
329,1000	-1,059
329,2000	0,313
329,3000	0,768
329,4000	-0,969
329,5000	-0,013
329,6000	0,906
329,7000	-0,756
329,8000	-0,353
329,9000	0,936
330,0000	-0,440
330,1000	-0,675
330,2000	0,873
330,3000	-0,061
330,4000	-0,917
330,5000	0,730
330,6000	0,306
330,7000	-1,048
330,8000	0,506
330,9000	0,613
331,0000	-1,045
331,1000	0,214
331,2000	0,825
331,3000	-0,914
331,4000	-0,119
331,5000	0,928
331,6000	-0,668
331,7000	-0,460
331,8000	0,927
331,9000	-0,325
332,0000	-0,756
332,1000	0,839
332,2000	0,055
332,3000	-0,971
332,4000	0,671
332,5000	0,408
332,6000	-1,060
332,7000	0,424
332,8000	0,690
332,9000	-1,018
333,0000	0,119
333,1000	0,869
333,2000	-0,853
333,3000	-0,221
333,4000	0,938
333,5000	-0,570
333,6000	-0,554
333,7000	0,909
333,8000	-0,209
333,9000	-0,833
334,0000	0,798
334,1000	0,167
334,2000	-1,010
334,3000	0,605
334,4000	0,501
334,5000	-1,060
334,6000	0,339
334,7000	0,757
334,8000	-0,982
334,9000	0,014
335,0000	0,902
335,1000	-0,774
335,2000	-0,328
335,3000	0,938
335,4000	-0,463
335,5000	-0,650
335,6000	0,884
335,7000	-0,090
335,8000	-0,900
335,9000	0,745
336,0000	0,280
336,1000	-1,041
336,2000	0,529
336,3000	0,594
336,4000	-1,048
336,5000	0,237
336,6000	0,815
336,7000	-0,928
336,8000	-0,093
336,9000	0,925
337,0000	-0,683
337,1000	-0,437
337,2000	0,930
337,3000	-0,347
337,4000	-0,740
337,5000	0,847
337,6000	0,033
337,7000	-0,961
337,8000	0,683
337,9000	0,393
338,0000	-1,059
338,1000	0,438
338,2000	0,675
338,3000	-1,024
338,4000	0,134
338,5000	0,864
338,6000	-0,862
338,7000	-0,207
338,8000	0,936
338,9000	-0,583
339,0000	-0,542
339,1000	0,914
339,2000	-0,226
339,3000	-0,823
339,4000	0,803
339,5000	0,149
339,6000	-1,007
339,7000	0,613
339,8000	0,485
339,9000	-1,060
340,0000	0,349
340,1000	0,749
340,2000	-0,986
340,3000	0,030
340,4000	0,897
340,5000	-0,789
340,6000	-0,313
340,7000	0,938
340,8000	-0,482
340,9000	-0,636
341,0000	0,888
341,1000	-0,112
341,2000	-0,891
341,3000	0,752
341,4000	0,259
341,5000	-1,038
341,6000	0,539
341,7000	0,581
341,8000	-1,051
341,9000	0,253
342,0000	0,807
342,1000	-0,938
342,2000	-0,079
342,3000	0,922
342,4000	-0,699
342,5000	-0,419
342,6000	0,931
342,7000	-0,368
342,8000	-0,727
342,9000	0,851
343,0000	0,009
343,1000	-0,949
343,2000	0,691
343,3000	0,374
343,4000	-1,057
343,5000	0,459
343,6000	0,661
343,7000	-1,030
343,8000	0,157
343,9000	0,851
344,0000	-0,880
344,1000	-0,179
344,2000	0,935
344,3000	-0,606
344,4000	-0,520
344,5000	0,917
344,6000	-0,258
344,7000	-0,804
344,8000	0,812
344,9000	0,124
345,0000	-0,996
345,1000	0,630
345,2000	0,468
345,3000	-1,062
345,4000	0,374
345,5000	0,729
345,6000	-0,997
345,7000	0,057
345,8000	0,889
345,9000	-0,803
346,0000	-0,292
346,1000	0,938
346,2000	-0,503
346,3000	-0,619
346,4000	0,892
346,5000	-0,132
346,6000	-0,877
346,7000	0,765
346,8000	0,240
346,9000	-1,034
347,0000	0,553
347,1000	0,564
347,2000	-1,054
347,3000	0,273
347,4000	0,793
347,5000	-0,947
347,6000	-0,058
347,7000	0,919
347,8000	-0,713
347,9000	-0,405
348,0000	0,931
348,1000	-0,383
348,2000	-0,713
348,3000	0,859
348,4000	-0,011
348,5000	-0,942
348,6000	0,702
348,7000	0,357
348,8000	-1,056
348,9000	0,467
349,0000	0,650
349,1000	-1,032
349,2000	0,162
349,3000	0,847
349,4000	-0,884
349,5000	-0,179
349,6000	0,935
349,7000	-0,613
349,8000	-0,514
349,9000	0,917
350,0000	-0,262
350,1000	-0,803
350,2000	0,815
350,3000	0,119
350,4000	-0,997
350,5000	0,628
350,6000	0,467
350,7000	-1,062
350,8000	0,366
350,9000	0,732
351,0000	-0,996
351,1000	0,046
351,2000	0,891
351,3000	-0,800
351,4000	-0,295
351,5000	0,936
351,6000	-0,500
351,7000	-0,625
351,8000	0,889
351,9000	-0,124
352,0000	-0,884
352,1000	0,757
352,2000	0,251
352,3000	-1,037
352,4000	0,543
352,5000	0,570
352,6000	-1,054
352,7000	0,259
352,8000	0,801
352,9000	-0,941
353,0000	-0,074
353,1000	0,920
353,2000	-0,705
353,3000	-0,415
353,4000	0,931
353,5000	-0,374
353,6000	-0,721
353,7000	0,855
353,8000	0,003
353,9000	-0,949
354,0000	0,694
354,1000	0,366
354,2000	-1,056
354,3000	0,459
354,4000	0,657
354,5000	-1,032
354,6000	0,160
354,7000	0,850
354,8000	-0,880
354,9000	-0,179
355,0000	0,935
355,1000	-0,611
355,2000	-0,514
355,3000	0,917
355,4000	-0,261
355,5000	-0,801
355,6000	0,817
355,7000	0,115
355,8000	-0,994
355,9000	0,633
356,0000	0,462
356,1000	-1,060
356,2000	0,379
356,3000	0,726
356,4000	-1,001
356,5000	0,068
356,6000	0,884
356,7000	-0,812
356,8000	-0,280
356,9000	0,938
357,0000	-0,511
357,1000	-0,608
357,2000	0,895
357,3000	-0,143
357,4000	-0,870
357,5000	0,770
357,6000	0,226
357,7000	-1,029
357,8000	0,564
357,9000	0,553
358,0000	-1,056
358,1000	0,286
358,2000	0,789
358,3000	-0,953
358,4000	-0,042
358,5000	0,914
358,6000	-0,727
358,7000	-0,388
358,8000	0,933
358,9000	-0,399
359,0000	-0,704
359,1000	0,864
359,2000	-0,024
359,3000	-0,935
359,4000	0,712
359,5000	0,344
359,6000	-1,054
359,7000	0,478
359,8000	0,644
359,9000	-1,035
360,0000	0,174
360,1000	0,842
360,2000	-0,889
360,3000	-0,165
360,4000	0,935
360,5000	-0,620
360,6000	-0,509
360,7000	0,919
360,8000	-0,265
360,9000	-0,801
361,0000	0,814
361,1000	0,121
361,2000	-0,997
361,3000	0,631
361,4000	0,463
361,5000	-1,060
361,6000	0,372
361,7000	0,730
361,8000	-0,996
361,9000	0,053
362,0000	0,888
362,1000	-0,807
362,2000	-0,289
362,3000	0,938
362,4000	-0,511
362,5000	-0,613
362,6000	0,894
362,7000	-0,141
362,8000	-0,875
362,9000	0,767
363,0000	0,232
363,1000	-1,030
363,2000	0,559
363,3000	0,554
363,4000	-1,056
363,5000	0,281
363,6000	0,789
363,7000	-0,953
363,8000	-0,047
363,9000	0,916
364,0000	-0,727
364,1000	-0,388
364,2000	0,935
364,3000	-0,402
364,4000	-0,699
364,5000	0,866
364,6000	-0,028
364,7000	-0,931
364,8000	0,713
364,9000	0,336
365,0000	-1,052
365,1000	0,484
365,2000	0,636
365,3000	-1,038
365,4000	0,187
365,5000	0,839
365,6000	-0,898
365,7000	-0,148
365,8000	0,933
365,9000	-0,636
366,0000	-0,485
366,1000	0,924
366,2000	-0,291
366,3000	-0,778
366,4000	0,831
366,5000	0,080
366,6000	-0,979
366,7000	0,660
366,8000	0,424
366,9000	-1,060
367,0000	0,412
367,1000	0,699
367,2000	-1,015
367,3000	0,108
367,4000	0,872
367,5000	-0,844
367,6000	-0,229
367,7000	0,938
367,8000	-0,562
367,9000	-0,559
368,0000	0,909
368,1000	-0,207
368,2000	-0,833
368,3000	0,798
368,4000	0,167
368,5000	-1,012
368,6000	0,606
368,7000	0,498
368,8000	-1,060
368,9000	0,344
369,0000	0,754
369,1000	-0,982
369,2000	0,027
369,3000	0,897
369,4000	-0,784
369,5000	-0,316
369,6000	0,938
369,7000	-0,476
369,8000	-0,638
369,9000	0,888
370,0000	-0,107
370,1000	-0,891
370,2000	0,756
370,3000	0,261
370,4000	-1,037
370,5000	0,537
370,6000	0,584
370,7000	-1,051
370,8000	0,253
370,9000	0,807
371,0000	-0,936
371,1000	-0,079
371,2000	0,920
371,3000	-0,696
371,4000	-0,423
371,5000	0,931
371,6000	-0,363
371,7000	-0,732
371,8000	0,851
371,9000	0,013
372,0000	-0,952
372,1000	0,690
372,2000	0,379
372,3000	-1,057
372,4000	0,454
372,5000	0,666
372,6000	-1,027
372,7000	0,148
372,8000	0,855
372,9000	-0,870
373,0000	-0,193
373,1000	0,936
373,2000	-0,592
373,3000	-0,536
373,4000	0,914
373,5000	-0,236
373,6000	-0,818
373,7000	0,806
373,8000	0,146
373,9000	-1,004
374,0000	0,617
374,1000	0,485
374,2000	-1,060
374,3000	0,355
374,4000	0,745
374,5000	-0,988
374,6000	0,036
374,7000	0,895
374,8000	-0,790
374,9000	-0,308
375,0000	0,938
375,1000	-0,485
375,2000	-0,631
375,3000	0,888
375,4000	-0,110
375,5000	-0,889
375,6000	0,756
375,7000	0,258
375,8000	-1,037
375,9000	0,543
376,0000	0,576
376,1000	-1,052
376,2000	0,261
376,3000	0,804
376,4000	-0,939
376,5000	-0,072
376,6000	0,920
376,7000	-0,702
376,8000	-0,416
376,9000	0,931
377,0000	-0,369
377,1000	-0,723
377,2000	0,855
377,3000	0,005
377,4000	-0,947
377,5000	0,697
377,6000	0,369
377,7000	-1,056
377,8000	0,462
377,9000	0,660
