Absolutdruck 1 vs Winkelposition, Messreihe #1
Winkelposition ( rad )	Absolutdruck 1 ( kPa )
0,402	109,72
0,374	108,65
0,342	107,55
0,313	106,30
0,284	105,06
0,256	104,18
0,229	103,07
0,204	101,98
0,181	101,26
0,159	100,25
0,138	99,59
0,118	98,74
0,101	98,02
0,085	97,39
0,069	96,74
0,057	96,14
0,044	95,66
0,033	95,17
0,024	94,67
0,016	94,33
0,008	93,91
0,003	93,68
0,002	93,39
0,000	93,12
0,000	92,97
0,000	92,85
0,002	92,74
0,005	92,62
0,011	92,55
0,019	92,56
0,027	92,54
0,036	92,61
0,047	92,68
0,061	92,80
0,075	92,94
0,093	93,16
0,110	93,39
0,127	93,73
0,148	93,96
0,170	94,36
0,192	94,83
0,217	95,20
0,242	95,67
0,269	96,09
0,297	96,67
0,325	97,29
0,355	97,79
0,386	98,48
0,418	99,22
0,452	99,82
0,485	100,68
0,520	101,60
0,556	102,27
0,594	103,23
0,631	104,29
0,669	105,17
0,707	106,31
0,745	107,26
0,782	108,57
0,823	109,85
0,864	110,94
0,906	112,48
0,947	113,96
0,988	115,23
1,027	116,85
1,067	118,58
1,107	119,98
1,148	121,73
1,189	123,18
1,230	125,04
1,268	127,12
1,307	128,76
1,345	130,94
1,381	133,14
1,418	135,09
1,456	137,48
1,492	139,92
1,527	141,95
1,560	144,49
1,591	147,12
1,623	149,11
1,652	151,83
1,682	153,96
1,712	156,41
1,740	159,10
1,767	161,19
1,792	163,75
1,816	166,30
1,838	168,12
1,860	170,60
1,880	173,28
1,898	175,05
1,913	177,49
1,929	179,65
1,943	181,35
1,956	183,34
1,968	185,24
1,976	186,54
1,984	188,13
1,990	189,46
1,996	190,37
2,000	191,57
2,003	192,25
2,004	192,91
2,004	193,52
2,001	193,91
1,998	194,19
1,993	194,27
1,987	194,39
1,979	194,12
1,968	193,74
1,957	193,32
1,945	192,65
1,931	191,65
1,915	190,98
1,898	189,74
1,879	188,67
1,858	187,43
1,836	185,93
1,814	184,58
1,791	182,99
1,767	181,30
1,740	179,91
1,712	178,18
1,684	176,30
1,654	174,72
1,623	172,72
1,591	170,67
1,560	169,07
1,527	166,89
1,492	164,86
1,456	163,19
1,420	161,02
1,382	158,72
1,345	156,86
1,307	154,49
1,269	152,56
1,232	150,23
1,191	147,76
1,151	145,83
1,111	143,43
1,070	141,10
1,029	139,18
0,990	137,02
0,949	134,71
0,908	132,91
0,867	130,70
0,826	128,61
0,785	126,83
0,746	124,81
0,707	122,85
0,669	121,49
0,630	119,52
0,594	118,06
0,556	116,39
0,520	114,67
0,484	113,46
0,449	111,86
0,416	110,38
0,385	109,24
0,353	107,90
0,324	106,56
0,295	105,57
0,267	104,45
0,239	103,55
0,214	102,47
0,188	101,46
0,167	100,76
0,146	99,92
0,126	99,08
0,107	98,40
0,090	97,64
0,075	97,02
0,061	96,46
0,049	95,99
0,038	95,54
0,027	95,00
0,017	94,60
0,011	94,23
0,005	93,87
0,002	93,57
0,000	93,32
0,000	93,07
0,000	92,88
0,000	92,77
0,005	92,65
0,009	92,56
0,016	92,54
0,024	92,58
0,033	92,58
0,044	92,69
0,055	92,83
0,069	92,94
0,085	93,17
0,102	93,43
0,121	93,73
0,140	94,06
0,162	94,44
0,184	94,78
0,207	95,25
0,232	95,66
0,259	96,20
0,286	96,78
0,314	97,29
0,344	97,89
0,375	98,60
0,407	99,15
0,440	99,91
0,473	100,54
0,509	101,40
0,543	102,27
0,581	103,02
0,619	104,04
0,655	105,17
0,693	106,03
0,730	107,18
0,768	108,47
0,809	109,53
0,850	110,93
0,892	112,07
0,933	113,56
0,974	115,15
1,013	116,46
1,052	118,06
1,093	119,79
1,134	121,20
1,175	123,07
1,216	124,93
1,255	126,50
1,293	128,62
1,330	130,30
1,368	132,48
1,406	134,85
1,442	136,72
1,480	139,19
1,516	141,65
1,549	143,65
1,580	146,16
1,612	148,71
1,641	150,72
1,673	153,43
1,701	156,02
1,729	158,09
1,758	160,70
1,783	163,25
1,806	165,36
1,830	167,94
1,854	170,49
1,872	172,48
1,891	174,80
1,909	177,05
1,924	178,80
1,938	181,00
1,953	182,63
1,963	184,41
1,973	186,11
1,981	187,38
1,989	188,89
1,993	190,15
1,998	190,93
2,003	192,02
2,004	192,79
2,004	193,38
2,003	193,93
2,000	194,28
1,995	194,43
1,990	194,34
1,982	194,18
1,973	193,89
1,962	193,47
1,949	192,90
1,935	192,13
1,921	191,10
1,904	190,33
1,885	189,15
1,866	187,80
1,844	186,65
1,822	185,16
1,800	183,64
1,777	182,36
1,750	180,53
1,723	178,78
1,695	177,31
1,665	175,45
1,634	173,54
1,604	171,83
1,571	169,78
1,539	168,13
1,505	166,01
1,470	163,78
1,433	161,99
1,396	159,74
1,359	157,47
1,321	155,56
1,283	153,19
1,244	150,80
1,206	148,91
1,166	146,46
1,126	144,17
1,085	142,23
1,045	139,95
1,004	137,60
0,963	135,77
0,922	133,56
0,881	131,26
0,840	129,49
0,801	127,34
0,760	125,70
0,723	123,67
0,683	121,76
0,644	120,18
0,606	118,47
0,570	116,80
0,534	115,37
0,498	113,86
0,462	112,44
0,429	111,01
0,396	109,60
0,366	108,42
0,335	107,14
0,306	105,86
0,276	104,94
0,250	103,84
0,223	102,78
0,198	101,95
0,174	100,99
0,152	100,25
0,134	99,43
0,113	98,63
0,096	98,04
0,080	97,38
0,066	96,76
0,052	96,27
0,041	95,72
0,030	95,26
0,020	94,90
0,013	94,53
0,006	94,20
0,003	93,88
0,000	93,60
-0,002	93,44
-0,002	93,25
-0,002	93,09
0,002	92,98
0,006	92,87
0,013	92,81
0,020	92,89
0,028	92,86
0,039	92,97
0,052	93,07
0,064	93,18
0,079	93,31
0,096	93,53
0,113	93,80
0,134	94,03
0,152	94,37
0,174	94,74
0,198	95,06
0,223	95,54
0,248	96,04
0,276	96,43
0,305	97,05
0,333	97,65
0,363	98,19
0,394	98,91
0,427	99,51
0,460	100,34
0,495	101,12
0,531	101,82
0,567	102,74
0,605	103,72
0,641	104,58
0,679	105,68
0,716	106,84
0,754	107,80
0,793	109,10
0,834	110,15
0,877	111,56
0,917	113,11
0,958	114,30
0,997	115,88
1,038	117,54
1,078	118,89
1,118	120,68
1,159	122,46
1,200	123,92
1,239	125,87
1,279	127,49
1,316	129,65
1,352	131,75
1,390	133,60
1,428	135,97
1,466	138,35
1,502	140,26
1,536	142,83
1,569	145,31
1,601	147,46
1,630	150,11
1,660	152,80
1,690	154,86
1,718	157,56
1,747	159,57
1,773	162,23
1,799	164,82
1,822	166,85
1,844	169,32
1,865	171,71
1,883	173,60
1,902	176,02
1,918	178,28
1,934	179,98
1,948	182,09
1,959	183,85
1,970	185,44
1,979	187,25
1,987	188,62
1,993	189,69
1,998	190,88
2,001	191,74
2,003	192,64
2,003	193,29
2,003	193,68
2,001	194,05
1,998	194,25
1,992	194,38
1,985	194,29
1,976	194,04
1,967	193,61
1,954	193,04
1,942	192,32
1,927	191,54
1,910	190,63
1,893	189,44
1,872	188,42
1,852	186,90
1,832	185,53
1,810	184,22
1,786	182,66
1,761	180,93
1,734	179,58
1,706	177,74
1,676	176,25
1,646	174,19
1,615	172,17
1,585	170,46
1,552	168,41
1,517	166,18
1,483	164,43
1,447	162,28
1,411	160,01
1,373	158,26
1,335	156,05
1,297	153,76
1,260	151,98
1,221	149,42
1,181	147,09
1,140	145,21
1,101	142,89
1,060	140,47
1,019	138,61
0,979	136,39
0,938	134,01
0,897	132,22
0,856	130,05
0,817	128,30
0,776	126,15
0,737	124,21
0,699	122,64
0,660	120,79
0,622	119,00
0,584	117,52
0,547	115,89
0,511	114,24
0,476	113,09
0,441	111,56
0,408	110,42
0,377	108,98
0,347	107,60
0,317	106,61
0,289	105,34
0,259	104,25
0,232	103,33
0,207	102,29
0,184	101,48
0,162	100,56
0,140	99,72
0,121	99,09
0,102	98,28
0,086	97,53
0,071	97,09
0,058	96,48
0,046	95,97
0,035	95,51
0,025	95,02
0,016	94,67
0,009	94,30
0,005	93,93
0,002	93,66
0,000	93,41
-0,002	93,19
-0,002	93,05
0,002	92,90
0,005	92,84
0,009	92,78
0,016	92,78
0,025	92,91
0,035	92,95
0,047	93,09
0,058	93,18
0,074	93,34
0,090	93,60
0,107	93,77
0,126	94,01
0,145	94,35
0,167	94,62
0,188	94,97
0,214	95,39
0,239	95,75
0,265	96,27
0,292	96,69
0,320	97,27
0,350	97,92
0,382	98,48
0,415	99,21
0,448	100,04
0,482	100,72
0,517	101,57
0,551	102,52
0,589	103,30
0,625	104,38
0,663	105,19
0,702	106,33
0,740	107,52
0,778	108,46
0,818	109,80
0,859	111,19
0,900	112,35
0,941	113,90
0,982	115,42
1,021	116,78
1,062	118,46
1,101	119,82
1,142	121,61
1,183	123,43
1,224	124,99
1,263	126,94
1,301	129,01
1,338	130,74
1,376	132,96
1,414	135,27
1,451	137,23
1,488	139,68
1,522	142,12
1,555	144,22
1,588	146,74
1,618	149,31
1,648	151,46
1,679	154,05
1,709	156,13
1,736	158,67
1,764	161,28
1,789	163,47
1,813	165,99
1,835	168,58
1,857	170,57
1,876	172,93
1,894	175,26
1,912	177,19
1,927	179,45
1,942	181,38
1,954	182,92
1,965	184,86
1,974	186,56
1,982	187,74
1,990	189,15
1,996	190,15
2,000	191,33
2,003	192,30
2,003	192,89
2,003	193,55
2,001	193,88
1,998	194,20
1,995	194,33
1,989	194,26
1,981	194,13
1,970	193,69
1,959	193,21
1,946	192,67
1,932	191,73
1,918	190,86
1,901	189,91
1,882	188,68
1,861	187,71
1,841	186,19
1,817	184,66
1,795	183,34
1,770	181,70
1,745	179,94
1,717	178,52
1,689	176,68
1,659	174,81
1,627	173,15
1,598	171,12
1,565	169,06
1,532	167,28
1,499	165,33
1,462	163,09
1,426	161,37
1,389	159,05
1,351	156,74
1,313	154,90
1,275	152,56
1,238	150,59
1,199	148,23
1,158	145,88
1,118	143,86
1,078	141,59
1,037	139,20
0,996	137,47
0,955	135,26
0,914	132,95
0,873	131,16
0,833	128,96
0,793	126,87
0,754	125,24
0,715	123,25
0,675	121,35
0,638	119,94
0,600	118,07
0,562	116,70
0,525	114,96
0,490	113,41
0,456	112,15
0,423	110,78
0,391	109,34
0,360	108,20
0,330	106,93
0,300	105,68
0,272	104,77
0,243	103,66
0,218	102,85
0,193	101,81
0,171	100,83
0,149	100,14
0,129	99,32
0,110	98,51
0,093	97,94
0,077	97,29
0,063	96,64
0,050	96,23
0,039	95,72
0,028	95,36
0,019	94,92
0,011	94,51
0,006	94,19
0,003	93,81
0,000	93,57
0,000	93,34
0,000	93,13
0,000	92,96
0,002	92,86
0,006	92,74
0,014	92,69
0,022	92,73
0,031	92,73
0,042	92,86
0,053	92,93
0,066	93,07
0,082	93,22
0,099	93,46
0,118	93,74
0,137	93,97
0,157	94,30
0,179	94,62
0,203	95,03
0,228	95,48
0,254	95,91
0,281	96,41
0,309	97,02
0,338	97,52
0,368	98,22
0,401	98,94
0,434	99,57
0,467	100,38
0,501	101,06
0,537	101,99
0,573	102,88
0,609	103,72
0,647	104,76
0,686	105,85
0,724	106,76
0,762	107,99
0,801	109,29
0,842	110,40
0,881	111,80
0,924	113,02
0,964	114,57
1,005	116,20
1,045	117,49
1,085	119,21
1,125	121,00
1,166	122,42
1,206	124,26
1,247	126,26
1,286	127,85
1,324	129,99
1,360	131,74
1,398	134,07
1,434	136,44
1,472	138,43
1,506	140,80
1,541	143,33
1,574	145,33
1,605	148,00
1,635	150,61
1,667	152,73
1,695	155,28
1,725	157,87
1,751	160,01
1,778	162,62
1,803	165,21
1,827	167,28
1,847	169,77
1,868	171,79
1,887	174,20
1,905	176,51
1,921	178,33
1,935	180,39
1,948	182,43
1,960	183,88
1,970	185,62
1,981	187,28
1,987	188,60
1,993	189,75
1,998	191,05
2,001	191,75
2,003	192,55
2,003	193,32
2,003	193,76
2,001	194,12
1,996	194,25
1,992	194,34
1,984	194,26
1,974	193,90
1,963	193,57
1,951	193,00
1,938	192,31
1,924	191,52
1,907	190,43
1,890	189,44
1,871	187,99
1,849	186,62
1,828	185,54
1,805	183,89
1,781	182,29
1,756	180,90
1,729	179,05
1,701	177,33
1,671	175,93
1,641	173,90
1,610	172,31
1,579	170,22
1,546	168,15
1,513	166,46
1,478	164,29
1,442	162,14
1,404	160,20
1,368	157,98
1,329	155,57
1,291	153,70
1,253	151,35
1,214	148,96
1,175	147,09
1,134	144,74
1,093	142,40
1,052	140,44
1,012	138,17
0,971	135,84
0,931	134,10
0,891	131,72
0,851	130,12
0,811	127,93
0,770	125,79
0,730	124,25
0,693	122,33
0,653	120,46
0,616	118,92
0,578	117,30
0,540	115,50
0,504	114,27
0,470	112,68
0,437	111,48
0,404	110,02
0,374	108,65
0,342	107,65
0,313	106,27
0,283	105,06
0,254	104,17
0,229	103,04
0,204	102,11
0,181	101,28
0,159	100,36
0,138	99,66
0,118	98,89
0,101	98,11
0,083	97,61
0,069	96,96
0,057	96,32
0,044	95,91
0,033	95,44
0,022	94,94
0,014	94,61
0,008	94,20
0,003	93,88
0,002	93,56
0,000	93,33
0,000	93,15
0,000	92,97
0,002	92,83
0,005	92,76
0,011	92,65
0,019	92,66
0,027	92,69
0,036	92,74
0,047	92,83
0,060	92,95
0,074	93,13
0,091	93,33
0,110	93,58
0,129	93,88
0,148	94,11
0,170	94,48
0,192	94,89
0,217	95,26
0,243	95,76
0,270	96,30
0,297	96,78
0,325	97,34
0,355	97,87
0,386	98,56
0,419	99,33
0,452	100,01
0,487	100,76
0,522	101,63
0,558	102,36
0,594	103,32
0,631	104,40
0,671	105,24
0,708	106,42
0,746	107,37
0,784	108,62
0,825	109,93
0,866	111,05
0,906	112,50
0,947	114,07
0,988	115,31
1,027	116,95
1,068	118,70
1,107	120,06
1,150	121,85
1,191	123,34
1,230	125,23
1,269	127,21
1,308	128,95
1,345	131,10
1,382	133,27
1,418	135,13
1,456	137,54
1,492	139,99
1,527	141,84
1,560	144,40
1,593	147,07
1,623	149,10
1,652	151,81
1,682	153,91
1,712	156,39
1,740	159,16
1,767	161,44
1,792	163,82
1,816	166,39
1,838	168,41
1,860	170,83
1,880	173,16
1,898	175,10
1,915	177,47
1,929	179,68
1,943	181,30
1,956	183,33
1,968	185,11
1,978	186,43
1,985	188,07
1,992	189,36
1,996	190,33
2,000	191,41
2,003	192,14
2,003	192,84
2,003	193,43
2,001	193,72
1,998	194,08
1,993	194,32
1,987	194,18
1,979	194,04
1,968	193,69
1,957	193,27
1,945	192,49
1,931	191,61
1,915	190,89
1,898	189,62
1,879	188,71
1,858	187,36
1,836	185,92
1,814	184,60
1,792	183,05
1,767	181,27
1,740	179,92
1,712	178,11
1,684	176,32
1,654	174,83
1,623	172,90
1,591	170,82
1,560	169,22
1,527	167,16
1,492	165,04
1,456	163,31
1,420	161,00
1,382	158,72
1,345	156,83
1,307	154,40
1,269	152,20
1,230	150,16
1,191	147,82
1,151	145,83
1,111	143,49
1,070	141,16
1,029	139,27
0,988	137,06
0,949	134,66
0,908	133,01
0,867	130,74
0,826	128,57
0,785	126,81
0,748	124,79
0,708	122,81
0,669	121,26
0,631	119,49
0,592	118,01
0,556	116,31
0,520	114,62
0,485	113,33
0,451	111,80
0,418	110,37
0,385	109,31
0,355	107,93
0,324	106,66
0,295	105,65
0,267	104,45
0,240	103,36
0,214	102,57
0,190	101,61
0,167	100,84
0,146	99,98
0,126	99,10
0,107	98,48
0,090	97,73
0,075	97,08
0,061	96,56
0,049	95,97
0,036	95,40
0,027	94,98
0,017	94,54
0,011	94,26
0,005	93,82
0,002	93,51
0,000	93,27
0,000	93,01
-0,002	92,81
0,000	92,73
0,003	92,62
0,009	92,55
0,016	92,52
0,024	92,57
0,031	92,66
0,042	92,79
0,055	92,89
0,069	93,01
0,085	93,23
0,102	93,44
0,121	93,67
0,140	93,99
0,160	94,30
0,184	94,63
0,207	95,00
0,232	95,38
0,259	95,90
0,286	96,48
0,314	96,92
0,344	97,56
0,374	98,29
0,407	98,87
0,440	99,67
0,474	100,51
0,507	101,19
0,543	102,14
0,580	102,84
0,617	103,89
0,655	104,97
0,693	105,88
0,730	107,05
0,768	108,26
0,809	109,27
0,850	110,63
0,891	112,08
0,931	113,31
0,972	114,88
1,012	116,20
1,052	117,86
1,092	119,61
1,133	121,04
1,173	122,85
1,214	124,69
1,253	126,30
1,293	128,35
1,330	130,03
1,367	132,21
1,403	134,46
1,440	136,31
1,478	138,77
1,514	141,32
1,547	143,39
1,580	145,95
1,612	148,36
1,641	150,49
1,671	153,19
1,701	155,78
1,729	157,79
1,756	160,53
1,783	163,09
1,806	165,20
1,830	167,82
1,852	170,26
1,872	172,28
1,890	174,76
1,907	177,04
1,924	178,76
1,938	180,76
1,953	182,33
1,963	184,14
1,974	185,88
1,982	187,25
1,989	188,68
1,995	189,96
1,998	190,99
2,001	191,95
2,003	192,83
2,003	193,37
2,003	193,90
2,000	194,17
1,995	194,37
1,990	194,45
1,982	194,26
1,973	193,99
1,962	193,33
1,949	192,81
1,935	191,99
1,921	191,01
1,904	190,24
1,887	189,01
1,866	187,75
1,844	186,63
1,822	185,19
1,800	183,59
1,777	182,26
1,750	180,46
1,723	178,73
1,695	177,21
1,665	175,34
1,635	173,63
1,604	171,65
1,572	169,54
1,539	167,86
1,505	165,80
1,470	163,64
1,433	161,99
1,396	159,63
1,359	157,41
1,321	155,52
1,283	153,16
1,246	150,69
1,206	148,77
1,166	146,39
1,126	144,01
1,085	142,19
1,045	139,77
1,004	137,57
0,964	135,68
0,924	133,44
0,883	131,67
0,842	129,38
0,801	127,34
0,762	125,63
0,723	123,63
0,683	121,63
0,646	120,24
0,608	118,48
0,570	116,69
0,534	115,31
0,498	113,76
0,463	112,51
0,429	111,01
0,397	109,56
0,366	108,46
0,336	107,20
0,306	105,94
0,276	104,97
0,250	103,83
0,223	102,75
0,198	101,98
0,176	100,96
0,152	100,22
0,132	99,46
0,113	98,68
0,096	98,04
0,080	97,38
0,066	96,74
0,053	96,32
0,041	95,81
0,030	95,33
0,020	94,98
0,013	94,54
0,006	94,25
0,003	93,91
0,000	93,58
0,000	93,40
0,000	93,18
0,000	93,04
0,002	92,92
0,006	92,78
0,013	92,75
0,020	92,78
0,028	92,83
0,039	92,89
0,050	93,00
0,064	93,08
0,079	93,24
0,096	93,50
0,115	93,75
0,134	93,99
0,152	94,34
0,174	94,73
0,198	95,09
0,223	95,54
0,248	95,91
0,275	96,45
0,303	97,04
0,333	97,48
0,363	98,15
0,394	98,83
0,427	99,41
0,460	100,22
0,495	101,09
0,529	101,81
0,567	102,70
0,603	103,50
0,641	104,51
0,679	105,66
0,716	106,55
0,754	107,82
0,793	109,05
0,834	110,09
0,875	111,50
0,916	113,09
0,957	114,28
0,997	115,89
1,037	117,15
1,078	118,85
1,118	120,68
1,159	122,10
1,200	123,99
1,239	125,85
1,277	127,47
1,315	129,56
1,352	131,74
1,390	133,57
1,428	135,94
1,466	137,81
1,502	140,30
1,535	142,83
1,568	144,95
1,599	147,50
1,630	149,88
1,660	152,07
1,690	154,77
1,720	157,45
1,747	159,46
1,773	162,15
1,799	164,67
1,822	166,69
1,844	169,28
1,865	171,75
1,883	173,63
1,902	175,93
1,918	178,15
1,934	179,92
1,948	182,02
1,959	183,93
1,970	185,26
1,979	186,93
1,987	188,14
1,993	189,50
1,998	190,76
2,001	191,67
2,003	192,40
2,003	193,18
2,003	193,57
2,001	194,10
1,998	194,27
1,992	194,38
1,985	194,26
1,976	194,09
1,965	193,79
1,954	193,05
1,940	192,38
1,926	191,59
1,910	190,66
1,893	189,76
1,874	188,56
1,854	187,04
1,832	185,98
1,810	184,33
1,784	182,69
1,759	181,39
1,734	179,64
1,706	177,76
1,676	176,19
1,646	174,25
1,615	172,29
1,583	170,65
1,552	168,59
1,517	166,49
1,483	164,89
1,447	162,72
1,411	160,51
1,373	158,59
1,335	156,27
1,297	153,85
1,260	151,99
1,221	149,70
1,181	147,65
1,140	145,18
1,100	142,80
1,059	141,02
1,019	138,68
0,979	136,43
0,938	134,61
0,897	132,25
0,856	130,20
0,815	128,39
0,776	126,34
0,737	124,22
0,697	122,68
0,660	120,86
0,620	119,38
0,584	117,52
0,547	115,79
0,511	114,52
0,474	112,85
0,441	111,50
0,408	110,30
0,377	108,93
0,346	107,53
0,316	106,57
0,287	105,32
0,259	104,48
0,232	103,36
0,207	102,36
0,184	101,53
0,160	100,59
0,140	99,67
0,119	99,02
0,102	98,26
0,085	97,57
0,071	97,00
0,058	96,37
0,046	95,94
0,035	95,45
0,025	94,96
0,016	94,71
0,009	94,26
0,003	93,89
0,002	93,66
0,000	93,44
0,000	93,21
0,000	93,07
0,002	92,93
0,005	92,81
0,011	92,80
0,017	92,82
0,025	92,86
0,035	92,90
0,046	93,02
0,058	93,12
0,074	93,29
0,090	93,49
0,107	93,68
0,126	93,93
0,146	94,26
0,167	94,54
0,190	94,90
0,214	95,24
0,240	95,69
0,265	96,21
0,294	96,67
0,322	97,26
0,352	97,93
0,383	98,53
0,415	99,28
0,448	100,03
0,482	100,72
0,517	101,57
0,554	102,34
0,591	103,27
0,628	104,29
0,666	105,15
0,704	106,30
0,741	107,47
0,779	108,51
0,820	109,80
0,861	111,19
0,902	112,37
0,942	113,90
0,983	115,15
1,023	116,82
1,063	118,44
1,104	119,88
1,145	121,64
1,186	123,48
1,225	125,01
1,264	126,95
1,302	129,11
1,340	130,75
1,378	132,99
1,415	134,84
1,453	137,14
1,489	139,65
1,524	141,70
1,557	144,18
1,590	146,87
1,619	148,89
1,651	151,63
1,679	154,25
1,709	156,30
1,737	158,88
1,764	161,58
1,789	163,65
1,814	166,13
1,836	168,74
1,858	170,70
1,877	173,11
1,896	175,39
1,912	177,36
1,927	179,44
1,943	181,12
1,956	183,17
1,967	185,02
1,976	186,40
1,984	187,95
1,990	189,27
1,996	190,22
2,000	191,38
2,003	192,31
2,003	192,91
2,003	193,43
2,001	194,01
2,000	194,21
1,995	194,43
1,987	194,42
1,979	194,23
1,970	193,90
1,957	193,40
1,945	192,89
1,932	191,92
1,916	190,93
1,899	190,05
1,880	188,73
1,860	187,44
1,838	186,20
1,816	184,72
1,794	183,44
1,769	181,81
1,744	179,95
1,715	178,53
1,687	176,77
1,656	174,77
1,626	173,21
1,594	171,27
1,561	169,29
1,530	167,50
1,495	165,33
1,459	163,14
1,423	161,36
1,385	159,11
1,348	156,79
1,310	154,83
1,272	152,39
1,233	150,00
1,194	148,08
1,155	145,66
1,114	143,77
1,073	141,43
1,032	139,07
0,993	137,29
0,952	135,00
0,911	132,80
0,870	130,99
0,829	128,76
0,790	126,73
0,749	125,14
0,712	123,09
0,672	121,24
0,633	119,73
0,597	117,93
0,559	116,53
0,522	114,81
0,487	113,34
0,452	112,05
0,419	110,56
0,388	109,15
0,357	108,17
0,327	106,91
0,297	105,61
0,269	104,66
0,242	103,59
0,215	102,54
0,192	101,74
0,168	100,83
0,146	100,00
0,127	99,16
0,108	98,43
0,091	97,80
0,075	97,15
0,063	96,48
0,049	96,05
0,038	95,52
0,027	95,13
0,019	94,70
0,011	94,27
0,005	94,01
0,002	93,68
0,000	93,38
0,000	93,23
-0,002	93,09
0,000	92,91
0,003	92,85
0,008	92,74
0,014	92,74
0,022	92,76
0,031	92,84
0,042	92,89
0,055	92,98
0,068	93,17
0,083	93,35
0,101	93,56
0,119	93,83
0,140	94,06
0,160	94,46
0,182	94,82
0,206	95,13
0,231	95,60
0,258	96,04
0,284	96,57
0,313	97,17
0,341	97,70
0,372	98,36
0,404	99,11
0,437	99,72
0,471	100,50
0,506	101,35
0,542	102,08
0,578	103,01
0,616	103,79
0,653	104,89
0,691	106,00
0,729	106,97
0,767	108,16
0,806	109,43
0,847	110,58
0,888	111,96
0,930	113,48
0,969	114,75
1,010	116,35
1,051	117,68
1,090	119,41
1,131	121,20
1,172	122,67
1,213	124,52
1,252	126,48
1,290	128,14
1,327	130,26
1,365	132,03
1,403	134,40
1,440	136,74
1,477	138,57
1,513	141,11
1,546	143,66
1,579	145,66
1,610	148,29
1,640	150,89
1,670	153,01
1,700	155,64
1,728	158,35
1,755	160,46
1,781	163,03
1,805	165,60
1,828	167,56
1,850	170,05
1,871	172,58
1,890	174,39
1,907	176,67
1,924	178,51
1,938	180,65
1,951	182,66
1,962	184,30
1,973	186,01
1,981	187,62
1,989	188,93
1,993	190,11
2,000	191,25
2,001	192,05
2,003	192,76
2,003	193,46
2,003	193,89
2,000	194,23
1,996	194,37
1,990	194,35
1,982	194,15
1,973	193,91
1,962	193,41
1,949	192,81
1,937	192,12
1,923	191,29
1,905	190,24
1,887	189,21
1,866	187,99
1,846	186,59
1,824	185,31
1,800	183,75
1,778	182,12
1,751	180,75
1,725	178,94
1,696	177,12
1,667	175,55
1,635	173,61
1,605	172,11
1,574	170,05
1,541	167,97
1,506	166,33
1,472	164,13
1,434	161,93
1,398	160,02
1,360	157,76
1,323	155,40
1,285	153,55
1,246	151,13
1,208	148,67
1,169	146,73
1,128	144,29
1,087	142,00
1,046	140,17
1,005	137,91
0,964	135,52
0,924	133,67
0,883	131,46
0,844	129,77
0,803	127,59
0,763	125,40
0,724	123,91
0,685	121,90
0,647	120,13
0,609	118,63
0,572	116,97
0,534	115,26
0,500	113,86
0,465	112,39
0,430	111,12
0,397	109,68
0,368	108,34
0,336	107,33
0,308	106,05
0,278	104,89
0,250	103,96
0,223	102,92
0,198	102,10
0,176	101,21
0,154	100,32
0,134	99,61
0,115	98,85
0,096	98,18
0,082	97,58
0,066	96,97
0,053	96,38
0,041	95,91
0,031	95,44
0,020	95,04
0,013	94,61
0,006	94,25
0,003	93,93
0,000	93,61
0,000	93,37
0,000	93,22
0,000	93,02
0,002	92,91
0,006	92,77
0,011	92,74
0,020	92,68
0,028	92,73
0,039	92,77
0,050	92,86
0,064	92,98
0,079	93,15
0,094	93,34
0,113	93,62
0,134	93,93
0,152	94,18
0,174	94,63
0,198	94,95
0,221	95,40
0,248	95,93
0,275	96,35
0,303	96,91
0,331	97,50
0,361	98,02
0,394	98,68
0,426	99,46
0,460	100,07
0,495	100,94
0,529	101,67
0,565	102,60
0,603	103,57
0,639	104,43
0,677	105,60
0,716	106,76
0,754	107,73
0,793	109,05
0,833	110,34
0,875	111,47
0,916	113,00
0,957	114,18
0,997	115,78
1,037	117,36
1,078	118,78
1,118	120,52
1,158	122,30
1,199	123,77
1,239	125,71
1,277	127,80
1,316	129,50
1,352	131,66
1,390	133,51
1,428	135,72
1,464	138,18
1,500	140,18
1,535	142,66
1,569	145,15
1,601	147,25
1,630	149,98
1,660	152,58
1,690	154,74
1,718	157,34
1,747	159,97
1,773	162,03
1,799	164,64
1,822	167,15
1,844	169,22
1,865	171,68
1,883	174,05
1,902	175,89
1,918	178,13
1,934	179,84
1,946	181,89
1,959	183,90
1,970	185,32
1,979	186,92
1,987	188,49
1,993	189,56
1,998	190,77
2,001	191,85
2,003	192,51
2,003	193,14
2,003	193,68
2,001	194,03
1,998	194,30
1,992	194,26
1,985	194,19
1,976	194,00
1,965	193,59
1,954	193,02
1,942	192,33
1,926	191,55
1,910	190,68
1,893	189,44
1,874	188,42
1,852	187,04
1,832	185,55
1,810	184,25
1,786	182,67
1,761	180,96
1,734	179,50
1,706	177,71
1,676	175,84
1,646	174,33
1,615	172,46
1,583	170,34
1,552	168,82
1,517	166,60
1,483	164,87
1,447	162,68
1,411	160,39
1,373	158,60
1,335	156,23
1,297	153,85
1,258	151,97
1,221	149,66
1,181	147,22
1,140	145,30
1,100	143,04
1,059	140,58
1,018	138,76
0,977	136,44
0,938	134,29
0,897	132,51
0,856	130,32
0,817	128,06
0,776	126,44
0,735	124,21
0,697	122,79
0,658	120,90
0,620	119,09
0,583	117,67
0,545	115,93
0,509	114,31
0,474	113,08
0,441	111,62
0,408	110,41
0,377	109,06
0,346	107,70
0,316	106,66
0,286	105,49
0,258	104,27
0,231	103,42
0,206	102,43
0,182	101,45
0,160	100,72
0,140	99,82
0,119	99,15
0,102	98,40
0,085	97,71
0,071	97,20
0,057	96,56
0,046	96,05
0,035	95,63
0,024	95,16
0,016	94,72
0,009	94,38
0,005	94,06
0,002	93,73
0,000	93,47
0,000	93,25
0,000	93,14
0,000	93,01
0,005	92,85
0,009	92,86
0,017	92,83
0,027	92,87
0,036	92,93
0,047	93,03
0,058	93,14
0,074	93,26
0,090	93,48
0,108	93,65
0,127	93,93
0,146	94,25
0,168	94,54
0,190	94,91
0,214	95,35
0,240	95,75
0,267	96,26
0,294	96,77
0,322	97,26
0,352	97,90
0,383	98,49
0,416	99,23
0,449	99,98
0,484	100,66
0,520	101,53
0,554	102,39
0,592	103,16
0,628	104,16
0,666	105,29
0,704	106,19
0,743	107,39
0,781	108,38
0,822	109,73
0,862	111,09
0,903	112,31
0,944	113,77
0,985	115,36
1,026	116,68
1,065	118,37
1,106	120,10
1,145	121,54
1,188	123,36
1,228	124,86
1,268	126,88
1,305	129,01
1,341	130,71
1,379	132,89
1,417	135,26
1,453	137,11
1,491	139,58
1,525	142,12
1,560	144,21
1,591	146,76
1,621	149,42
1,651	151,56
1,681	154,12
1,711	156,76
1,739	158,79
1,766	161,44
1,791	164,07
1,814	166,05
1,838	168,52
1,858	170,58
1,879	172,99
1,898	175,39
1,913	177,25
1,929	179,36
1,943	181,50
1,956	183,20
1,967	184,96
1,976	186,68
1,985	187,92
1,992	189,29
1,996	190,48
2,000	191,37
2,003	192,28
2,003	193,01
2,003	193,50
2,001	193,87
1,998	194,20
1,993	194,38
1,987	194,34
1,979	194,14
1,968	193,79
1,957	193,32
1,945	192,71
1,931	191,94
1,915	190,98
1,898	190,05
1,879	188,74
1,858	187,44
1,838	186,27
1,816	184,69
1,792	183,02
1,767	181,64
1,740	179,95
1,714	178,03
1,684	176,64
1,654	174,55
1,623	172,64
1,591	170,95
1,560	169,04
1,527	167,32
1,492	165,15
1,458	163,03
1,420	161,20
1,382	158,93
1,345	156,57
1,307	154,77
1,269	152,30
1,232	149,86
1,192	147,89
1,151	145,58
1,111	143,23
1,070	141,46
1,029	139,17
0,988	136,76
0,949	135,00
0,908	132,68
0,867	130,55
0,826	128,81
0,785	126,57
0,746	125,01
0,707	122,99
0,669	121,17
0,631	119,70
0,594	117,93
0,556	116,16
0,518	114,93
0,484	113,31
0,449	111,74
0,416	110,64
0,385	109,23
0,355	108,15
0,324	106,86
0,294	105,59
0,265	104,75
0,239	103,59
0,214	102,53
0,190	101,72
0,167	100,74
0,145	99,93
0,126	99,30
0,107	98,53
0,090	97,90
0,074	97,21
0,060	96,65
0,049	96,20
0,036	95,67
0,025	95,20
0,017	94,78
0,009	94,43
0,005	94,08
0,002	93,84
0,000	93,53
0,000	93,33
0,000	93,14
0,000	92,99
0,003	92,91
0,008	92,86
0,016	92,84
0,024	92,89
0,033	92,92
0,044	93,03
0,055	93,14
0,069	93,33
0,085	93,43
0,104	93,69
0,123	93,99
0,141	94,18
0,162	94,54
0,184	94,92
0,207	95,29
0,234	95,73
0,261	96,26
0,287	96,70
0,316	97,27
0,346	97,94
0,375	98,50
0,408	99,27
0,441	99,86
0,474	100,71
0,511	101,57
0,545	102,25
0,583	103,19
0,619	104,21
0,657	105,08
0,694	106,22
0,732	107,40
0,771	108,39
0,811	109,69
0,851	110,78
0,894	112,19
0,935	113,73
0,974	115,01
1,015	116,57
1,054	118,27
1,095	119,65
1,136	121,38
1,177	123,28
1,217	124,80
1,257	126,75
1,294	128,35
1,332	130,54
1,370	132,69
1,407	134,58
1,445	136,99
1,481	139,37
1,516	141,35
1,550	143,96
1,582	146,57
1,613	148,61
1,643	151,28
1,673	153,87
1,703	155,90
1,731	158,54
1,758	161,06
1,784	163,14
1,810	165,67
1,832	167,76
1,854	170,33
1,874	172,82
1,893	174,72
1,910	177,11
1,924	179,21
1,938	180,86
1,953	182,85
1,963	184,78
1,974	186,21
1,982	187,68
1,989	189,04
1,995	189,89
2,000	191,21
2,001	192,09
2,003	192,87
2,004	193,44
2,003	193,82
2,000	194,12
1,995	194,34
1,989	194,42
1,981	194,19
1,971	193,84
1,960	193,46
1,948	192,71
1,935	191,92
1,920	191,10
1,902	190,03
1,885	188,85
1,865	187,83
1,843	186,31
1,821	184,89
1,799	183,69
1,773	182,05
1,748	180,60
1,720	178,73
1,692	176,98
1,662	175,50
1,632	173,59
1,601	171,56
1,569	169,92
1,536	167,78
1,502	165,70
1,467	163,80
1,429	161,63
1,392	159,27
1,354	157,54
1,316	155,05
1,279	152,75
1,241	150,79
1,203	148,39
1,162	146,06
1,122	144,21
1,081	141,84
1,040	139,47
0,999	137,72
0,960	135,37
0,919	133,57
0,878	131,32
0,837	129,15
0,796	127,39
0,757	125,35
0,718	123,36
0,680	121,84
0,641	119,87
0,603	118,20
0,565	116,82
0,529	115,07
0,495	113,85
0,460	112,24
0,426	110,79
0,394	109,67
0,363	108,26
0,331	106,95
0,302	105,94
0,273	104,71
0,247	103,64
0,220	102,80
0,196	101,77
0,173	100,97
0,151	100,08
0,130	99,28
0,112	98,65
0,094	97,89
0,079	97,18
0,064	96,67
0,052	96,08
0,039	95,61
0,028	95,19
0,019	94,74
0,013	94,40
0,006	94,03
0,003	93,74
0,000	93,51
0,000	93,24
0,000	93,06
0,000	92,94
0,002	92,83
0,006	92,75
0,014	92,78
0,020	92,73
0,030	92,80
0,041	92,86
0,052	92,97
0,066	93,11
0,082	93,28
0,097	93,51
0,116	93,69
0,135	93,99
0,156	94,30
0,178	94,59
0,201	95,03
0,226	95,46
0,253	95,90
0,280	96,43
0,308	96,88
0,338	97,52
0,368	98,17
0,399	98,74
0,430	99,53
0,465	100,29
0,500	101,03
0,536	101,88
0,572	102,63
0,608	103,65
0,646	104,71
0,683	105,57
0,721	106,73
0,760	107,98
0,800	108,99
0,840	110,37
0,881	111,80
0,922	112,98
0,963	114,55
1,004	116,11
1,043	117,47
1,082	119,21
1,123	120,59
1,164	122,39
1,205	124,29
1,246	125,82
1,283	127,84
1,321	130,02
1,359	131,73
1,396	134,01
1,434	136,35
1,470	138,24
1,506	140,77
1,541	143,34
1,574	145,31
1,605	147,95
1,635	150,04
1,665	152,70
1,695	155,30
1,723	157,41
1,751	159,94
1,777	162,53
1,802	164,63
1,825	167,31
1,847	169,63
1,868	171,74
1,887	174,02
1,905	176,39
1,921	178,26
1,935	180,46
1,949	182,39
1,962	183,87
1,973	185,72
1,981	187,31
1,987	188,45
1,993	189,65
1,998	190,93
2,001	191,68
2,003	192,61
2,004	193,14
2,004	193,72
2,001	194,12
1,996	194,34
1,992	194,34
1,984	194,25
1,974	194,05
1,963	193,50
1,951	192,99
1,938	192,31
1,924	191,37
1,907	190,38
1,890	189,39
1,869	188,14
1,849	186,70
1,827	185,60
1,805	183,95
1,781	182,62
1,755	180,97
1,728	179,16
1,700	177,74
1,670	175,88
1,640	173,90
1,610	172,35
1,577	170,31
1,546	168,24
1,511	166,58
1,477	164,35
1,440	162,24
1,403	160,40
1,365	158,09
1,327	155,67
1,290	153,78
1,252	151,49
1,214	148,98
1,175	147,01
1,134	144,60
1,093	142,72
1,051	140,51
1,012	138,24
0,971	136,42
0,930	133,99
0,889	131,69
0,848	130,09
0,807	127,91
0,768	125,80
0,729	124,19
0,691	122,20
0,652	120,38
0,614	118,89
0,576	117,16
0,540	115,81
0,504	114,03
0,468	112,51
0,435	111,29
0,402	109,87
0,371	108,49
0,341	107,41
0,309	106,13
0,281	105,11
0,253	104,01
0,226	102,95
0,203	102,10
0,179	101,11
0,157	100,26
0,137	99,53
0,116	98,70
0,099	98,02
0,083	97,47
0,068	96,75
0,055	96,28
0,042	95,74
0,031	95,17
0,022	94,88
0,014	94,35
0,008	93,94
0,003	93,67
0,002	93,38
0,000	93,12
0,000	92,95
0,000	92,78
0,002	92,68
0,006	92,59
0,011	92,57
0,019	92,57
0,027	92,61
0,038	92,71
0,049	92,82
0,063	92,89
0,077	93,05
0,094	93,24
0,112	93,47
0,130	93,81
0,149	94,06
0,171	94,51
0,195	94,84
0,220	95,31
0,245	95,85
0,272	96,30
0,300	96,95
0,328	97,54
0,360	98,11
0,391	98,79
0,423	99,57
0,456	100,18
0,490	100,99
0,525	101,67
0,561	102,62
0,598	103,58
0,636	104,39
0,674	105,51
0,712	106,65
0,749	107,65
0,789	108,92
0,829	110,26
0,870	111,38
0,913	112,90
0,953	114,08
0,993	115,69
1,032	117,29
1,073	118,65
1,114	120,42
1,155	122,18
1,195	123,71
1,235	125,59
1,274	127,66
1,312	129,35
1,349	131,49
1,387	133,33
1,423	135,68
1,461	138,12
1,497	140,05
1,533	142,58
1,565	145,08
1,596	147,13
1,627	149,73
1,657	152,30
1,687	154,29
1,717	157,08
1,744	159,71
1,770	161,80
1,795	164,45
1,819	167,01
1,843	169,03
1,863	171,44
1,883	173,93
1,901	175,73
1,916	178,11
1,932	179,80
1,946	181,75
1,957	183,79
1,968	185,13
1,978	186,95
1,985	188,31
1,992	189,46
1,998	190,57
2,001	191,73
2,003	192,34
2,003	193,19
2,003	193,72
2,001	194,07
1,998	194,26
1,993	194,41
1,985	194,44
1,978	194,03
1,967	193,74
1,954	193,20
1,942	192,44
1,927	191,68
1,912	190,80
1,894	189,60
1,876	188,49
1,854	187,15
1,833	185,72
1,811	184,48
1,788	182,84
1,762	181,21
1,736	179,77
1,707	177,99
1,678	176,09
1,648	174,53
1,618	172,59
1,587	170,91
1,554	168,90
1,521	166,83
1,486	165,07
1,450	162,90
1,412	160,64
1,376	158,82
1,338	156,45
1,301	154,14
1,263	152,20
1,224	149,80
1,184	147,35
1,144	145,39
1,103	143,05
1,062	140,64
1,021	138,86
0,982	136,56
0,941	134,25
0,900	132,51
0,858	130,27
0,818	128,50
0,779	126,42
0,738	124,44
0,701	122,85
0,661	120,88
0,624	119,21
0,586	117,74
0,548	115,95
0,512	114,40
0,478	113,15
0,443	111,59
0,410	110,43
0,379	109,00
0,349	107,65
0,317	106,60
0,289	105,42
0,261	104,24
0,234	103,39
0,209	102,36
0,184	101,36
0,162	100,66
0,141	99,78
0,121	99,10
0,104	98,37
0,086	97,66
0,071	97,14
0,058	96,45
0,046	95,98
0,035	95,54
0,025	95,03
0,016	94,62
0,009	94,29
0,005	93,92
0,002	93,68
0,000	93,41
0,000	93,15
0,000	93,04
0,000	92,86
0,005	92,79
0,009	92,74
0,016	92,66
0,025	92,69
0,035	92,68
0,046	92,79
0,058	92,86
0,072	93,02
0,088	93,19
0,107	93,34
0,126	93,65
0,145	93,97
0,167	94,23
0,188	94,62
0,214	95,03
0,239	95,42
0,265	95,97
0,292	96,44
0,322	97,05
0,352	97,68
0,382	98,25
0,415	98,99
0,448	99,74
0,481	100,43
0,517	101,29
0,553	102,18
0,589	102,90
0,627	103,95
0,664	104,83
0,702	105,98
0,740	107,15
0,779	108,18
0,818	109,46
0,861	110,88
0,902	112,08
0,942	113,62
0,982	115,19
1,023	116,48
1,062	118,20
1,103	119,59
1,144	121,40
1,184	123,18
1,225	124,67
1,264	126,70
1,302	128,74
1,340	130,50
1,378	132,72
1,415	135,01
1,451	136,97
1,489	139,46
1,524	141,97
1,557	143,93
1,590	146,50
1,619	149,21
1,651	151,24
1,679	153,86
1,709	156,42
1,737	158,44
1,764	161,10
1,791	163,20
1,814	165,87
1,836	168,44
1,858	170,34
1,879	172,85
1,896	175,21
1,912	177,05
1,927	179,14
1,943	181,30
1,956	182,96
1,967	184,76
1,976	186,45
1,984	187,71
1,990	189,16
1,996	190,42
2,000	191,21
2,003	192,21
2,004	192,81
2,004	193,40
2,001	193,78
1,998	194,09
1,993	194,09
1,987	194,14
1,979	193,91
1,968	193,56
1,957	193,05
1,945	192,46
1,931	191,70
1,916	190,70
1,899	189,81
1,880	188,56
1,860	187,49
1,838	186,04
1,816	184,54
1,792	183,26
1,767	181,55
1,742	179,79
1,714	178,30
1,684	176,46
1,654	174,52
1,624	172,93
1,593	170,87
1,560	169,01
1,527	167,24
1,492	165,23
1,458	162,93
1,420	161,11
1,384	158,96
1,346	156,60
1,308	154,69
1,271	152,31
1,232	150,46
1,192	147,88
1,151	145,63
1,111	143,74
1,070	141,46
1,030	139,05
0,990	137,29
0,949	134,94
0,908	132,73
0,867	131,01
0,826	128,65
0,785	126,69
0,748	124,99
0,708	122,96
0,669	121,09
0,631	119,65
0,594	117,87
0,556	116,44
0,520	114,81
0,484	113,05
0,449	111,93
0,416	110,46
0,385	109,17
0,353	108,04
0,324	106,63
0,295	105,45
0,267	104,54
0,239	103,44
0,214	102,66
0,188	101,63
0,167	100,68
0,146	99,96
0,126	99,18
0,107	98,40
0,090	97,79
0,075	97,12
0,060	96,49
0,047	96,05
0,036	95,55
0,027	95,12
0,017	94,68
0,009	94,28
0,005	94,00
0,002	93,70
0,000	93,38
-0,002	93,26
-0,002	93,08
0,000	92,97
0,003	92,86
0,009	92,77
0,016	92,73
0,024	92,74
0,033	92,80
0,044	92,86
0,057	92,95
0,071	93,08
0,086	93,22
0,104	93,46
0,121	93,70
0,141	93,99
0,162	94,34
0,184	94,62
0,209	95,07
0,234	95,57
0,261	96,02
0,289	96,56
0,317	97,18
0,346	97,75
0,377	98,35
0,408	99,08
0,441	99,77
0,476	100,56
0,511	101,23
0,547	102,13
0,583	103,09
0,620	103,88
0,658	104,94
0,696	106,07
0,734	107,03
0,773	108,29
0,812	109,55
0,853	110,69
0,894	112,14
0,936	113,34
0,975	114,90
1,016	116,55
1,056	117,88
1,096	119,65
1,137	121,44
1,178	122,89
1,219	124,77
1,258	126,69
1,296	128,34
1,334	130,50
1,371	132,28
1,409	134,57
1,447	136,98
1,483	138,90
1,519	141,40
1,552	143,92
1,583	146,02
1,615	148,52
1,645	151,31
1,674	153,36
1,704	156,02
1,733	158,66
1,759	160,81
1,784	163,31
1,810	165,91
1,833	167,92
1,855	170,39
1,876	172,93
1,893	174,76
1,910	177,02
1,926	178,80
1,940	180,95
1,954	182,77
1,965	184,32
1,974	186,04
1,982	187,66
1,989	188,89
1,995	190,20
2,000	191,17
2,001	192,02
2,004	192,78
2,004	193,45
2,003	193,83
2,000	194,18
1,995	194,31
1,989	194,19
1,981	194,12
1,971	193,87
1,960	193,34
1,948	192,61
1,934	191,92
1,918	191,10
1,901	190,00
1,882	188,95
1,861	187,57
1,841	186,18
1,819	184,96
1,795	183,32
1,772	181,69
1,747	180,18
1,718	178,44
1,689	176,63
1,659	175,13
1,629	173,15
1,598	171,40
1,566	169,38
1,533	167,34
1,499	165,74
1,462	163,56
1,426	161,25
1,389	159,52
1,351	157,15
1,313	154,73
1,275	152,89
1,238	150,58
1,199	148,10
1,158	146,20
1,117	143,78
1,076	141,52
1,037	139,57
0,996	137,18
0,955	134,92
0,914	133,13
0,873	130,93
0,833	129,20
0,792	126,99
0,752	125,00
0,713	123,34
0,675	121,34
0,636	119,67
0,598	118,31
0,561	116,58
0,525	114,81
0,490	113,61
0,454	112,07
0,421	110,91
0,390	109,48
0,358	108,11
0,328	107,13
0,298	105,88
0,270	104,66
0,242	103,81
0,217	102,72
0,192	101,71
0,170	100,94
0,148	100,10
0,127	99,47
0,108	98,63
0,091	97,91
0,077	97,33
0,063	96,74
0,049	96,16
0,038	95,76
0,028	95,25
0,019	94,78
0,011	94,42
0,006	94,05
0,002	93,74
0,000	93,51
-0,002	93,25
-0,002	93,08
0,000	92,96
0,003	92,84
0,008	92,74
0,014	92,74
0,022	92,75
0,031	92,80
0,042	92,87
0,055	93,02
0,068	93,12
0,083	93,29
0,101	93,51
0,119	93,78
0,138	94,08
0,160	94,38
0,182	94,77
0,206	95,20
0,231	95,57
0,258	96,09
0,284	96,63
0,313	97,10
0,342	97,73
0,372	98,30
0,404	99,00
0,437	99,73
0,471	100,41
0,506	101,26
0,542	102,11
0,578	102,84
0,616	103,83
0,653	104,89
0,691	105,80
0,729	106,99
0,767	108,00
0,807	109,26
0,848	110,64
0,889	111,78
0,930	113,32
0,971	114,86
1,012	116,17
1,051	117,87
1,092	119,62
1,133	120,99
1,173	122,79
1,214	124,31
1,253	126,20
1,293	128,29
1,329	130,07
1,367	132,22
1,403	134,56
1,440	136,47
1,478	138,93
1,514	141,40
1,547	143,48
1,580	145,86
1,612	148,40
1,641	150,66
1,671	153,27
1,701	155,41
1,729	157,97
1,756	160,60
1,783	162,69
1,808	165,33
1,832	167,91
1,854	169,91
1,874	172,44
1,891	174,77
1,909	176,59
1,924	178,69
1,938	180,88
1,953	182,49
1,963	184,43
1,973	186,13
1,982	187,41
1,989	188,83
1,995	190,24
2,000	191,09
2,001	192,04
2,003	192,75
2,003	193,32
2,003	193,88
2,000	194,10
1,995	194,39
1,989	194,46
1,981	194,23
1,973	193,85
1,960	193,35
1,949	192,93
1,935	192,05
1,920	191,10
1,904	190,28
1,885	189,06
1,865	187,78
1,843	186,67
1,822	185,13
1,799	183,81
1,773	182,12
1,748	180,43
1,722	179,00
1,692	177,16
1,662	175,31
1,632	173,61
1,601	171,69
1,569	169,61
1,536	167,91
1,502	165,85
1,467	163,70
1,431	161,85
1,393	159,56
1,356	157,27
1,318	155,30
1,279	152,95
1,241	150,50
1,202	148,62
1,162	146,12
1,122	143,83
1,081	141,94
1,040	139,62
0,999	137,31
0,958	135,45
0,917	133,20
0,877	131,31
0,837	129,20
0,796	127,09
0,757	125,40
0,718	123,59
0,679	121,54
0,641	120,12
0,603	118,23
0,565	116,56
0,528	115,22
0,492	113,69
0,459	112,40
0,424	110,85
0,393	109,38
0,361	108,35
0,331	107,01
0,302	105,72
0,273	104,81
0,245	103,68
0,220	102,66
0,195	101,84
0,171	100,92
0,149	100,15
0,129	99,29
0,110	98,56
0,094	97,88
0,079	97,24
0,063	96,60
0,050	96,18
0,039	95,65
0,028	95,14
0,020	94,85
0,013	94,41
0,006	94,15
0,002	93,78
0,000	93,48
0,000	93,32
0,000	93,12
0,000	93,00
0,003	92,87
0,008	92,80
0,014	92,77
0,022	92,80
0,031	92,83
0,042	92,92
0,053	93,05
0,066	93,24
0,082	93,37
0,097	93,62
0,116	93,84
0,137	94,10
0,159	94,44
0,181	94,79
0,203	95,15
0,228	95,58
0,254	95,97
0,281	96,49
0,309	97,07
0,339	97,61
0,369	98,27
0,401	99,02
0,434	99,60
0,467	100,39
0,503	101,29
0,537	101,99
0,575	102,91
0,613	103,68
0,650	104,79
0,688	105,89
0,726	106,82
0,763	108,05
0,803	109,35
0,844	110,45
0,884	111,91
0,925	113,46
0,968	114,62
1,007	116,24
1,048	117,65
1,087	119,36
1,128	121,09
1,170	122,52
1,210	124,44
1,250	126,41
1,290	128,00
1,326	130,16
1,363	132,39
1,400	134,18
1,437	136,58
1,473	138,48
1,510	140,90
1,544	143,40
1,577	145,50
1,608	148,05
1,640	150,73
1,668	152,73
1,698	155,32
1,726	158,05
1,755	160,16
1,780	162,88
1,805	165,47
1,828	167,36
1,850	169,94
1,871	172,45
1,888	174,42
1,905	176,73
1,923	178,89
1,937	180,63
1,951	182,53
1,962	184,15
1,973	185,96
1,981	187,38
1,989	188,63
1,993	189,89
2,000	191,07
2,001	191,95
2,003	192,70
2,003	193,34
2,003	193,86
2,000	194,16
1,995	194,37
1,990	194,34
1,982	194,33
1,973	193,93
1,962	193,67
1,949	192,93
1,937	192,30
1,921	191,35
1,905	190,19
1,887	189,18
1,866	187,95
1,846	186,59
1,824	185,35
1,800	183,64
1,777	182,05
1,751	180,62
1,725	178,81
1,695	177,04
1,665	175,51
1,635	173,45
1,604	171,52
1,572	169,79
1,539	167,76
1,506	166,14
1,470	164,01
1,434	161,82
1,396	160,05
1,359	157,75
1,321	155,42
1,283	153,43
1,246	150,95
1,206	148,63
1,166	146,71
1,125	144,27
1,084	141,99
1,045	139,97
1,004	137,79
0,963	135,45
0,922	133,63
0,881	131,46
0,840	129,66
0,800	127,54
0,760	125,53
0,721	123,80
0,682	121,96
0,644	120,09
0,606	118,61
0,569	116,94
0,531	115,18
0,496	113,90
0,462	112,35
0,427	111,18
0,396	109,82
0,364	108,39
0,335	107,41
0,305	106,08
0,276	104,91
0,248	103,99
0,221	102,91
0,198	102,02
0,174	101,22
0,152	100,33
0,132	99,59
0,113	98,88
0,094	98,12
0,079	97,58
0,064	96,90
0,052	96,27
0,041	95,85
0,030	95,38
0,020	94,91
0,013	94,56
0,006	94,19
0,003	93,89
0,000	93,54
0,000	93,37
-0,002	93,22
0,000	93,02
0,003	92,92
0,008	92,82
0,013	92,80
0,020	92,84
0,030	92,90
0,039	92,96
0,052	93,02
0,064	93,15
0,080	93,35
0,097	93,54
0,115	93,77
0,135	94,06
0,156	94,30
0,178	94,67
0,201	95,10
0,226	95,42
0,251	95,91
0,280	96,47
0,308	96,93
0,336	97,57
0,366	98,15
0,397	98,84
0,430	99,64
0,465	100,26
0,500	101,13
0,536	102,01
0,572	102,74
0,609	103,73
0,647	104,81
0,685	105,71
0,723	106,87
0,760	107,83
0,800	109,13
0,840	110,45
0,881	111,59
0,922	113,13
0,963	114,69
1,004	116,03
1,043	117,63
1,084	119,38
1,125	120,82
1,166	122,66
1,206	124,14
1,246	126,04
1,285	128,10
1,323	129,78
1,360	131,95
1,396	134,24
1,434	136,21
1,472	138,56
1,508	141,04
1,543	143,08
1,576	145,63
1,607	148,25
1,637	150,38
1,667	152,95
1,696	154,98
1,725	157,62
1,751	160,24
1,778	162,33
1,803	165,10
1,827	167,58
1,849	169,57
1,869	172,02
1,887	174,50
1,905	176,36
1,921	178,59
1,937	180,76
1,949	182,33
1,962	184,23
1,971	185,95
1,981	187,14
1,987	188,50
1,993	189,95
1,998	190,85
2,001	191,87
2,003	192,58
2,004	193,28
2,004	193,85
2,001	194,21
1,996	194,50
1,990	194,48
1,982	194,45
1,973	194,09
1,963	193,67
1,951	193,08
1,937	192,24
1,923	191,28
1,905	190,44
1,888	189,29
1,868	187,97
1,847	186,81
1,825	185,30
1,803	183,81
1,778	182,46
1,753	180,79
1,726	179,36
1,698	177,40
1,668	175,53
1,637	173,88
1,607	172,00
1,574	169,86
1,541	168,22
1,508	166,16
1,473	163,90
1,436	162,26
1,400	159,98
1,362	157,62
1,324	155,81
1,286	153,36
1,247	150,95
1,208	149,00
1,169	146,68
1,128	144,18
1,087	142,34
1,046	139,89
1,005	137,54
0,966	135,78
0,925	133,50
0,884	131,73
0,844	129,54
0,804	127,41
0,763	125,84
0,724	123,76
0,685	121,85
0,647	120,37
0,609	118,61
0,572	116,86
0,536	115,41
0,500	113,80
0,463	112,65
0,430	111,08
0,397	109,61
0,366	108,50
0,336	107,29
0,306	105,98
0,278	105,04
0,250	103,88
0,223	102,82
0,199	101,99
0,176	101,06
0,154	100,34
0,134	99,48
0,115	98,71
0,096	98,09
0,080	97,34
0,066	96,78
0,052	96,21
0,041	95,76
0,030	95,26
0,020	94,89
0,013	94,44
0,006	94,16
0,003	93,84
0,000	93,53
0,000	93,28
0,000	93,14
0,000	92,94
0,002	92,86
0,006	92,74
0,013	92,74
0,020	92,78
0,028	92,80
0,039	92,87
0,052	93,00
0,064	93,14
0,079	93,29
0,096	93,51
0,115	93,72
0,134	93,97
0,154	94,27
0,176	94,60
0,199	94,97
0,225	95,40
0,250	95,78
0,278	96,31
0,305	96,92
0,335	97,39
0,364	98,03
0,396	98,79
0,429	99,39
0,462	100,16
0,498	101,02
0,533	101,74
0,569	102,61
0,606	103,43
0,642	104,45
0,682	105,53
0,719	106,53
0,757	107,71
0,798	109,00
0,837	110,09
0,880	111,50
0,920	113,02
0,960	114,30
1,001	115,88
1,041	117,21
1,082	118,90
1,123	120,66
1,164	122,08
1,205	124,00
1,244	125,90
1,283	127,58
1,321	129,73
1,357	131,90
1,395	133,75
1,433	136,15
1,469	138,06
1,505	140,45
1,539	143,08
1,572	145,09
1,604	147,71
1,635	150,33
1,665	152,42
1,695	155,04
1,723	157,66
1,751	159,77
1,777	162,37
1,802	164,89
1,825	166,83
1,847	169,44
1,868	171,99
1,887	173,92
1,905	176,31
1,921	178,51
1,937	180,14
1,949	182,17
1,962	183,70
1,971	185,59
1,981	187,15
1,987	188,37
1,993	189,73
1,998	190,91
2,001	191,82
2,003	192,69
2,003	193,21
2,003	193,78
2,001	194,00
1,996	194,25
1,992	194,21
1,984	194,18
1,974	193,72
1,963	193,37
1,951	192,69
1,938	192,08
1,923	191,23
1,907	190,13
1,888	189,11
1,869	187,83
1,847	186,49
1,827	185,33
1,803	183,73
1,780	182,09
1,755	180,65
1,728	178,94
1,700	177,18
1,668	175,62
1,638	173,63
1,607	171,72
1,576	169,91
1,543	167,94
1,510	165,81
1,475	163,98
1,439	161,76
1,401	159,94
1,363	157,62
1,326	155,25
1,288	153,38
1,249	150,99
1,210	148,54
1,170	146,69
1,131	144,33
1,090	141,95
1,049	140,14
1,008	137,78
0,968	135,52
0,927	133,61
0,886	131,37
0,845	129,23
0,804	127,54
0,765	125,53
0,726	123,34
0,686	121,84
0,649	119,98
0,611	118,56
0,573	116,82
0,536	115,12
0,500	113,77
0,465	112,24
0,432	110,82
0,399	109,67
0,368	108,24
0,338	107,24
0,308	105,96
0,278	104,76
0,251	103,84
0,225	102,78
0,199	101,75
0,176	100,94
0,154	100,06
0,134	99,21
0,115	98,56
0,097	97,83
0,082	97,23
0,066	96,64
0,053	96,07
0,041	95,66
0,030	95,20
0,020	94,71
0,013	94,37
0,008	94,02
0,003	93,71
0,002	93,48
0,000	93,25
-0,002	93,08
-0,002	92,91
0,002	92,78
0,006	92,75
0,013	92,73
0,019	92,68
0,028	92,69
0,039	92,80
0,050	92,89
0,064	93,00
0,079	93,18
0,096	93,41
0,115	93,59
0,134	93,90
0,154	94,16
0,174	94,54
0,198	94,96
0,223	95,32
0,248	95,81
0,276	96,35
0,303	96,82
0,333	97,44
0,363	98,14
0,394	98,66
0,427	99,46
0,460	100,07
0,495	100,95
0,531	101,82
0,567	102,54
0,605	103,52
0,642	104,59
0,680	105,52
0,718	106,67
0,756	107,91
0,795	108,88
0,836	110,24
0,877	111,39
0,917	112,89
0,958	114,40
0,999	115,71
1,040	117,36
1,079	119,07
1,120	120,44
1,161	122,30
1,202	124,13
1,241	125,73
1,280	127,70
1,318	129,40
1,356	131,61
1,393	133,89
1,431	135,81
1,467	138,20
1,503	140,69
1,538	142,79
1,571	145,35
1,602	147,88
1,634	149,90
1,663	152,60
1,693	155,22
1,722	157,43
1,750	160,03
1,775	162,52
1,800	164,62
1,824	167,24
1,846	169,78
1,866	171,75
1,887	174,09
1,904	175,97
1,920	178,29
1,935	180,42
1,948	181,99
1,960	183,90
1,971	185,69
1,979	186,95
1,987	188,50
1,993	189,75
1,998	190,69
2,001	191,82
2,003	192,73
2,003	193,33
2,003	193,82
2,001	194,12
1,996	194,43
1,992	194,50
1,984	194,34
1,974	194,03
1,963	193,57
1,951	193,09
1,938	192,24
1,924	191,36
1,909	190,58
1,891	189,31
1,871	188,07
1,850	187,01
1,828	185,45
1,805	183,93
1,781	182,62
1,756	180,87
1,729	179,06
1,701	177,62
1,671	175,78
1,640	174,17
1,610	172,23
1,579	170,07
1,546	168,46
1,511	166,36
1,477	164,33
1,440	162,56
1,404	160,22
1,367	157,92
1,329	156,11
1,290	153,72
1,252	151,17
1,213	149,31
1,173	146,83
1,134	144,56
1,093	142,64
1,052	140,37
1,012	138,00
0,971	136,28
0,930	133,83
0,889	131,65
0,848	129,96
0,807	127,76
0,768	126,04
0,729	124,04
0,690	122,07
0,650	120,57
0,613	118,75
0,575	117,08
0,539	115,66
0,503	113,97
0,468	112,42
0,434	111,30
0,402	109,84
0,371	108,79
0,339	107,45
0,309	106,22
0,281	105,17
0,253	104,13
0,226	103,15
0,201	102,25
0,178	101,24
0,156	100,34
0,135	99,62
0,116	98,81
0,097	98,14
0,082	97,56
0,068	96,85
0,053	96,38
0,042	95,88
0,031	95,33
0,022	94,96
0,014	94,54
0,008	94,16
0,003	93,93
0,000	93,56
0,000	93,35
0,000	93,17
0,000	93,02
0,002	92,91
0,005	92,85
0,011	92,82
0,019	92,79
0,028	92,85
0,039	92,92
0,050	93,00
0,063	93,09
0,077	93,27
0,094	93,37
0,112	93,59
0,132	93,78
0,152	94,07
0,174	94,43
0,196	94,74
0,221	95,19
0,247	95,72
0,275	96,11
0,302	96,73
0,331	97,42
0,361	97,93
0,393	98,66
0,424	99,42
0,459	100,08
0,493	100,91
0,528	101,65
0,565	102,51
0,602	103,52
0,639	104,33
0,677	105,42
0,715	106,55
0,752	107,58
0,792	108,82
0,833	110,19
0,873	111,35
0,916	112,83
0,957	114,10
0,997	115,65
1,037	117,36
1,078	118,70
1,117	120,47
1,158	122,28
1,199	123,72
1,239	125,65
1,279	127,68
1,316	129,37
1,354	131,59
1,390	133,43
1,428	135,75
1,466	138,14
1,502	140,14
1,536	142,66
1,569	145,30
1,601	147,37
1,632	149,96
1,662	152,57
1,692	154,66
1,720	157,19
1,748	159,73
1,773	161,88
1,799	164,57
1,822	167,24
1,846	169,13
1,866	171,58
1,885	173,97
1,902	175,80
1,920	178,01
1,934	179,91
1,948	181,97
1,959	183,87
1,970	185,36
1,979	187,03
1,987	188,54
1,993	189,70
1,998	190,79
2,001	191,77
2,003	192,42
2,003	193,21
2,003	193,69
2,001	194,07
1,996	194,21
1,992	194,34
1,984	194,29
1,974	193,97
1,963	193,53
1,953	193,03
1,940	192,24
1,924	191,54
1,909	190,51
1,891	189,25
1,872	188,29
1,850	186,92
1,828	185,36
1,806	184,17
1,783	182,55
1,758	180,83
1,731	179,36
1,703	177,55
1,673	175,73
1,641	174,11
1,612	172,19
1,579	170,09
1,547	168,41
1,514	166,33
1,478	164,16
1,442	162,38
1,406	160,12
1,368	158,35
1,329	155,89
1,291	153,51
1,253	151,65
1,214	149,26
1,175	146,86
1,136	144,96
1,095	142,58
1,054	140,25
1,013	138,43
0,971	136,15
0,931	133,88
0,891	131,99
0,850	129,86
0,809	127,76
0,768	126,08
0,729	123,84
0,691	122,27
0,652	120,47
0,614	118,74
0,576	117,39
0,540	115,54
0,504	113,89
0,470	112,68
0,435	111,19
0,402	109,78
0,371	108,66
0,341	107,38
0,311	106,38
0,281	105,17
0,253	104,03
0,228	103,15
0,203	102,11
0,179	101,19
0,157	100,45
0,135	99,64
0,116	98,83
0,099	98,24
0,083	97,50
0,068	96,89
0,055	96,42
0,042	95,91
0,031	95,51
0,022	95,03
0,014	94,55
0,008	94,30
0,003	93,94
0,002	93,65
0,000	93,38
0,000	93,22
0,000	93,02
0,002	92,93
0,005	92,85
0,011	92,78
0,019	92,78
0,028	92,80
0,038	92,84
0,049	92,89
0,063	93,07
0,077	93,21
0,094	93,41
0,112	93,73
0,130	94,03
0,151	94,36
0,173	94,65
0,196	95,07
0,220	95,57
0,247	95,95
0,273	96,48
0,302	97,08
0,330	97,59
0,360	98,20
0,391	98,92
0,424	99,51
0,457	100,37
0,492	100,98
0,528	101,85
0,564	102,80
0,602	103,57
0,638	104,63
0,675	105,74
0,713	106,69
0,752	107,91
0,792	109,16
0,833	110,26
0,873	111,61
0,914	112,83
0,955	114,34
0,996	115,96
1,035	117,29
1,076	118,99
1,117	120,75
1,158	122,19
1,199	124,04
1,238	125,99
1,277	127,58
1,315	129,69
1,352	131,82
1,390	133,67
1,428	136,06
1,464	137,93
1,500	140,47
1,535	142,94
1,568	144,95
1,601	147,57
1,630	150,23
1,660	152,36
1,690	155,03
1,718	157,62
1,747	159,63
1,773	162,14
1,799	164,81
1,822	166,88
1,844	169,45
1,865	171,84
1,883	173,76
1,902	176,24
1,918	178,44
1,934	180,21
1,948	182,13
1,959	183,59
1,970	185,52
1,978	187,12
1,985	188,38
1,992	189,67
1,998	190,82
2,001	191,64
2,003	192,61
2,004	193,22
2,004	193,82
2,001	194,20
1,998	194,35
1,992	194,40
1,985	194,37
1,976	194,11
1,965	193,61
1,953	192,96
1,940	192,38
1,926	191,49
1,910	190,51
1,891	189,50
1,872	188,32
1,852	186,90
1,830	185,69
1,806	184,20
1,784	182,52
1,759	181,15
1,731	179,39
1,703	177,56
1,673	176,01
1,643	174,05
1,613	172,10
1,580	170,41
1,549	168,40
1,516	166,22
1,480	164,55
1,444	162,26
1,407	160,08
1,370	158,25
1,332	155,81
1,293	153,93
1,255	151,54
1,216	149,20
1,178	147,33
1,137	144,84
1,096	142,52
1,056	140,62
1,015	138,24
0,974	136,01
0,933	134,13
0,892	131,92
0,851	129,76
0,811	127,95
0,771	125,86
0,732	123,89
0,693	122,33
0,655	120,37
0,617	119,00
0,580	117,21
0,542	115,45
0,506	114,12
0,471	112,58
0,437	111,12
0,405	109,94
0,374	108,58
0,342	107,20
0,313	106,23
0,283	104,98
0,254	104,09
0,228	102,93
0,203	101,93
0,181	101,16
0,159	100,24
0,138	99,39
0,118	98,73
0,101	97,90
0,083	97,36
0,069	96,75
0,055	96,12
0,044	95,69
0,031	95,16
0,022	94,73
0,014	94,40
0,008	93,98
0,003	93,63
0,002	93,41
0,000	93,16
0,000	93,01
0,000	92,82
0,002	92,69
0,005	92,62
0,011	92,58
0,019	92,61
0,027	92,63
0,038	92,71
0,049	92,80
0,061	92,91
0,077	93,05
0,093	93,27
0,110	93,51
0,129	93,82
0,149	94,10
0,171	94,45
0,195	94,91
0,218	95,24
0,245	95,71
0,272	96,21
0,298	96,70
0,328	97,29
0,358	97,78
0,390	98,49
0,423	99,25
0,456	99,89
0,489	100,75
0,525	101,61
0,561	102,39
0,598	103,39
0,636	104,43
0,674	105,31
0,712	106,48
0,749	107,44
0,789	108,70
0,829	110,09
0,870	111,16
0,911	112,70
0,952	114,16
0,993	115,48
1,032	117,10
1,073	118,85
1,112	120,29
1,153	122,11
1,195	123,51
1,235	125,43
1,274	127,47
1,312	129,13
1,349	131,31
1,387	133,59
1,423	135,44
1,461	137,88
1,497	140,29
1,532	142,31
1,566	144,87
1,598	147,54
1,627	149,59
1,657	152,07
1,687	154,22
1,717	156,98
1,744	159,61
1,770	161,68
1,795	164,31
1,819	166,76
1,843	168,86
1,863	171,44
1,883	173,84
1,901	175,64
1,918	177,88
1,932	179,97
1,946	181,55
1,959	183,64
1,968	185,35
1,978	186,67
1,985	188,27
1,992	189,52
1,998	190,54
2,001	191,62
2,003	192,53
2,003	193,05
2,003	193,69
2,001	194,08
1,998	194,20
1,993	194,37
1,985	194,34
1,976	193,97
1,967	193,46
1,954	193,03
1,942	192,30
1,926	191,33
1,912	190,57
1,893	189,47
1,874	188,22
1,854	187,09
1,832	185,55
1,810	183,97
1,786	182,80
1,761	181,01
1,734	179,53
1,706	177,77
1,676	175,93
1,646	174,39
1,615	172,43
1,583	170,32
1,552	168,81
1,517	166,60
1,483	164,49
1,447	162,71
1,411	160,37
1,373	158,16
1,335	156,28
1,296	153,87
1,258	151,39
1,221	149,51
1,181	147,09
1,140	144,68
1,100	142,80
1,059	140,49
1,018	138,65
0,977	136,27
0,938	134,05
0,897	132,22
0,856	130,02
0,814	127,91
0,774	126,29
0,735	124,12
0,697	122,15
0,658	120,74
0,620	118,93
0,583	117,52
0,545	115,72
0,509	114,16
0,474	112,87
0,440	111,40
0,408	109,94
0,377	108,77
0,346	107,52
0,314	106,21
0,286	105,32
0,258	104,12
0,231	103,27
0,206	102,19
0,182	101,27
0,160	100,51
0,140	99,61
0,119	98,80
0,101	98,21
0,085	97,55
0,069	96,91
0,057	96,39
0,044	95,84
0,033	95,47
0,024	94,96
0,016	94,52
0,009	94,20
0,005	93,74
0,002	93,44
0,000	93,22
0,000	92,97
0,000	92,78
0,000	92,68
0,005	92,55
0,009	92,51
0,019	92,53
0,027	92,54
0,036	92,61
0,047	92,72
0,060	92,86
0,075	93,01
0,091	93,27
0,108	93,50
0,127	93,74
0,148	94,05
0,170	94,33
0,192	94,72
0,217	95,18
0,242	95,54
0,269	96,07
0,297	96,59
0,325	97,12
0,355	97,71
0,386	98,45
0,419	99,06
0,452	99,90
0,487	100,73
0,522	101,46
0,558	102,40
0,594	103,16
0,631	104,21
0,669	105,31
0,708	106,22
0,746	107,42
0,784	108,68
0,825	109,75
0,866	111,14
0,906	112,64
0,949	113,87
0,988	115,44
1,029	116,76
1,068	118,45
1,109	120,17
1,150	121,66
1,191	123,48
1,232	125,38
1,271	127,00
1,308	129,06
1,346	131,29
1,384	133,06
1,420	135,41
1,456	137,27
1,494	139,74
1,528	142,22
1,563	144,34
1,594	146,92
1,626	149,46
1,656	151,53
1,685	154,23
1,714	156,80
1,742	159,01
1,769	161,62
1,794	164,08
1,817	166,20
1,841	168,92
1,861	171,37
1,882	173,34
1,899	175,65
1,916	177,84
1,931	179,69
1,945	181,73
1,957	183,51
1,968	184,94
1,978	186,64
1,985	187,91
1,992	189,25
1,996	190,54
2,000	191,34
2,003	192,38
2,003	193,02
2,003	193,58
2,001	194,13
1,998	194,35
1,993	194,45
1,985	194,36
1,978	194,12
1,967	193,78
1,956	193,16
1,942	192,34
1,929	191,57
1,913	190,59
1,896	189,73
1,876	188,42
1,855	187,15
1,833	185,95
1,811	184,35
1,788	182,81
1,762	181,46
1,736	179,64
1,709	177,89
1,679	176,42
1,649	174,46
1,618	172,54
1,587	170,85
1,555	168,88
1,522	166,79
1,488	165,08
1,451	162,88
1,414	160,58
1,376	158,73
1,338	156,37
1,299	154,54
1,261	152,15
1,224	149,80
1,184	147,77
1,145	145,47
1,104	142,92
1,062	141,19
1,021	138,72
0,980	136,49
0,941	134,82
0,900	132,45
0,859	130,19
0,818	128,46
0,778	126,45
0,738	124,36
0,699	122,82
0,661	120,82
0,624	119,40
0,586	117,62
0,548	115,92
0,512	114,53
0,478	113,02
0,443	111,50
0,410	110,29
0,379	108,90
0,347	107,57
0,317	106,55
0,287	105,36
0,259	104,43
0,234	103,38
0,207	102,27
0,184	101,51
0,162	100,60
0,141	99,73
0,121	99,06
0,102	98,32
0,086	97,63
0,071	97,05
0,058	96,50
0,046	96,04
0,033	95,53
0,024	95,00
0,016	94,73
0,009	94,34
0,005	93,96
0,002	93,74
0,000	93,46
0,000	93,22
0,000	93,11
0,000	92,93
0,003	92,86
0,009	92,75
0,017	92,73
0,027	92,77
0,036	92,80
0,047	92,87
0,060	92,95
0,074	93,11
0,090	93,31
0,107	93,48
0,126	93,78
0,146	94,06
0,168	94,48
0,190	94,86
0,215	95,26
0,240	95,75
0,267	96,24
0,294	96,71
0,324	97,27
0,353	97,92
0,385	98,44
0,416	99,22
0,449	99,81
0,484	100,65
0,518	101,50
0,554	102,27
0,592	103,19
0,630	104,27
0,668	105,12
0,705	106,27
0,743	107,52
0,782	108,51
0,823	109,81
0,862	110,96
0,905	112,44
0,946	113,98
0,986	115,21
1,026	116,82
1,067	118,56
1,106	119,98
1,148	121,70
1,189	123,58
1,228	125,10
1,268	127,08
1,307	128,76
1,345	130,93
1,381	133,27
1,418	135,05
1,455	137,47
1,492	139,95
1,527	141,86
1,560	144,40
1,593	146,95
1,623	149,04
1,654	151,73
1,684	154,40
1,712	156,54
1,740	159,12
1,767	161,69
1,792	163,76
1,816	166,40
1,839	168,34
1,860	170,76
1,880	173,22
1,899	175,22
1,915	177,41
1,931	179,70
1,943	181,33
1,956	183,41
1,968	185,17
1,976	186,56
1,984	188,09
1,992	189,37
1,996	190,45
2,000	191,55
2,003	192,31
2,003	192,94
2,003	193,49
2,001	193,90
1,998	194,12
1,993	194,28
1,987	194,23
1,978	194,06
1,968	193,67
1,956	193,14
1,943	192,46
1,929	191,69
1,913	190,85
1,896	189,69
1,877	188,47
1,857	187,31
1,835	185,88
1,813	184,28
1,789	182,99
1,764	181,38
1,737	179,55
1,709	178,08
1,681	176,10
1,649	174,61
1,619	172,65
1,588	170,66
1,557	169,00
1,524	166,90
1,489	164,78
1,453	163,11
1,415	160,85
1,378	158,53
1,340	156,60
1,302	154,26
1,264	151,87
1,225	149,85
1,188	147,49
1,147	145,22
1,106	143,17
1,065	140,90
1,024	138,64
0,983	136,83
0,942	134,42
0,902	132,14
0,861	130,48
0,820	128,32
0,779	126,54
0,740	124,63
0,702	122,52
0,663	120,99
0,625	119,25
0,587	117,48
0,550	116,09
0,514	114,48
0,479	113,15
0,445	111,75
0,412	110,27
0,380	109,12
0,349	107,86
0,319	106,49
0,289	105,58
0,261	104,42
0,234	103,33
0,209	102,51
0,185	101,49
0,163	100,57
0,141	99,87
0,123	99,02
0,104	98,42
0,086	97,67
0,072	97,02
0,058	96,55
0,046	96,06
0,035	95,51
0,025	95,10
0,016	94,70
0,009	94,41
0,005	94,04
0,002	93,74
0,000	93,55
-0,002	93,30
-0,002	93,18
0,000	93,06
0,005	92,97
0,009	92,92
0,017	92,91
0,025	92,92
0,035	93,02
0,046	93,10
0,058	93,15
0,072	93,28
0,090	93,45
0,107	93,65
0,126	93,87
0,145	94,18
0,167	94,53
0,188	94,84
0,214	95,29
0,239	95,83
0,265	96,22
0,294	96,80
0,322	97,34
0,352	97,97
0,383	98,65
0,415	99,28
0,448	100,05
0,482	100,89
0,517	101,60
0,553	102,47
0,591	103,41
0,628	104,25
0,666	105,32
0,704	106,44
0,741	107,41
0,781	108,63
0,822	109,67
0,862	111,10
0,903	112,57
0,944	113,79
0,985	115,39
1,024	116,99
1,063	118,35
1,104	120,12
1,145	121,86
1,188	123,40
1,227	125,23
1,266	126,85
1,305	128,97
1,341	131,17
1,379	132,88
1,417	135,27
1,453	137,63
1,491	139,60
1,525	142,14
1,560	144,68
1,591	146,80
1,621	149,37
1,652	151,96
1,682	154,04
1,711	156,68
1,739	159,29
1,766	161,35
1,791	164,03
1,816	166,09
1,838	168,53
1,860	170,95
1,879	172,98
1,898	175,35
1,913	177,75
1,929	179,44
1,943	181,38
1,956	183,40
1,967	184,85
1,976	186,64
1,984	188,12
1,990	189,24
1,996	190,44
2,000	191,62
2,003	192,39
2,003	193,03
2,003	193,68
2,001	193,98
1,998	194,26
1,993	194,31
1,987	194,31
1,979	194,10
1,968	193,81
1,956	193,22
1,943	192,48
1,931	191,82
1,915	190,85
1,898	189,79
1,879	188,62
1,857	187,35
1,836	185,86
1,813	184,57
1,791	183,03
1,766	181,36
1,739	179,94
1,711	178,06
1,681	176,26
1,652	174,79
1,621	172,78
1,590	171,16
1,558	169,03
1,524	166,92
1,491	165,37
1,455	163,06
1,417	160,78
1,379	158,93
1,341	156,56
1,304	154,24
1,266	152,26
1,228	149,84
1,189	147,48
1,148	145,63
1,107	143,22
1,067	140,96
1,026	139,04
0,985	136,66
0,944	134,43
0,903	132,64
0,862	130,43
0,822	128,74
0,782	126,70
0,743	124,55
0,704	122,89
0,666	121,06
0,627	119,22
0,589	117,91
0,553	116,11
0,515	114,43
0,481	113,30
0,446	111,69
0,413	110,51
0,382	109,08
0,350	107,79
0,320	106,68
0,291	105,45
0,262	104,28
0,236	103,44
0,210	102,39
0,187	101,41
0,163	100,67
0,143	99,82
0,123	98,99
0,104	98,35
0,088	97,60
0,072	97,12
0,058	96,47
0,046	95,91
0,035	95,53
0,025	94,97
0,017	94,56
0,009	94,24
0,005	93,90
0,002	93,55
-0,002	93,33
-0,002	93,08
-0,002	92,99
0,000	92,83
0,005	92,74
0,009	92,68
0,017	92,64
0,025	92,69
0,035	92,72
0,046	92,83
0,058	92,96
0,072	93,13
0,088	93,30
0,105	93,53
0,124	93,81
0,145	94,11
0,165	94,40
0,188	94,80
0,212	95,21
0,237	95,64
0,264	96,12
0,292	96,71
0,320	97,20
0,350	97,86
0,382	98,56
0,413	99,13
0,446	99,91
0,481	100,56
0,515	101,41
0,551	102,30
0,589	103,09
0,627	104,12
0,664	105,20
0,702	106,10
0,740	107,32
0,779	108,59
0,818	109,62
0,859	111,01
0,900	112,22
0,941	113,75
0,982	115,29
1,021	116,64
1,062	118,34
1,103	120,07
1,144	121,49
1,184	123,32
1,225	125,18
1,264	126,79
1,302	128,93
1,340	130,62
1,378	132,84
1,414	135,19
1,451	137,07
1,488	139,57
1,524	142,16
1,557	144,12
1,590	146,68
1,619	149,27
1,651	151,43
1,681	154,04
1,709	156,60
1,737	158,58
1,764	161,11
1,791	163,58
1,814	165,92
1,836	168,32
1,858	170,79
1,879	172,93
1,896	175,32
1,913	177,60
1,927	179,29
1,943	181,40
1,956	182,99
1,967	184,86
1,976	186,58
1,984	187,80
1,990	189,16
1,996	190,38
2,000	191,32
2,001	192,20
2,003	193,05
2,003	193,42
2,001	193,88
1,998	194,09
1,993	194,38
1,987	194,27
1,979	194,05
1,968	193,79
1,957	193,25
1,945	192,67
1,931	191,90
1,915	190,87
1,898	189,94
1,879	188,73
1,858	187,39
1,836	186,22
1,814	184,63
1,791	182,96
1,767	181,64
1,740	179,94
1,712	178,08
1,684	176,65
1,652	174,73
1,623	172,65
1,591	171,17
1,560	169,25
1,527	166,95
1,492	165,42
1,456	163,01
1,418	161,27
1,382	158,91
1,345	156,68
1,307	154,61
1,268	152,23
1,230	149,80
1,191	147,94
1,150	145,63
1,109	143,16
1,068	141,32
1,027	138,96
0,986	136,60
0,947	134,82
0,906	132,69
0,866	130,39
0,825	128,69
0,784	126,53
0,745	124,77
0,705	122,93
0,668	120,99
0,628	119,54
0,591	117,82
0,554	115,98
0,518	114,63
0,482	113,08
0,448	111,58
0,415	110,35
0,383	108,91
0,352	107,86
0,322	106,49
0,292	105,35
0,264	104,36
0,237	103,25
0,212	102,21
0,188	101,45
0,165	100,51
0,145	99,63
0,124	99,03
0,105	98,21
0,088	97,49
0,074	96,94
0,060	96,38
0,047	95,97
0,035	95,44
0,025	94,90
0,017	94,56
0,011	94,21
0,005	93,83
0,002	93,58
0,000	93,33
-0,002	93,16
-0,002	93,00
0,000	92,86
0,005	92,78
0,009	92,69
0,017	92,69
0,025	92,70
0,035	92,78
0,046	92,87
0,057	92,99
0,071	93,15
0,088	93,34
0,105	93,59
0,123	93,88
0,143	94,10
0,165	94,46
0,187	94,89
0,210	95,23
0,237	95,75
0,262	96,23
0,291	96,69
0,319	97,33
0,349	97,95
0,379	98,49
0,412	99,27
0,445	99,90
0,479	100,70
0,514	101,57
0,548	102,28
0,586	103,22
0,624	104,32
0,661	105,09
0,699	106,27
0,737	107,47
0,776	108,45
0,815	109,73
0,856	111,16
0,898	112,35
0,939	113,89
0,980	115,13
1,019	116,77
1,059	118,43
1,100	119,80
1,142	121,58
1,183	123,44
1,224	124,93
1,263	126,89
1,301	128,94
1,337	130,62
1,374	132,95
1,412	134,72
1,448	137,06
1,486	139,53
1,522	141,57
1,555	144,15
1,587	146,69
1,618	148,82
1,648	151,47
1,678	154,07
1,707	156,17
1,736	158,84
1,762	161,38
1,789	163,53
1,813	166,03
1,835	168,58
1,857	170,56
1,877	172,98
1,894	175,33
1,912	177,07
1,927	179,36
1,942	180,96
1,954	183,03
1,967	184,83
1,974	186,24
1,984	187,82
1,990	189,19
1,996	190,27
2,000	191,42
2,003	192,33
2,003	192,89
2,003	193,41
2,001	194,04
2,000	194,18
1,993	194,29
1,987	194,20
1,979	194,04
1,968	193,65
1,957	193,22
1,945	192,69
1,932	191,81
1,916	191,08
1,899	190,00
1,880	188,72
1,860	187,75
1,838	186,18
1,816	184,79
1,794	183,33
1,769	181,66
1,742	179,88
1,715	178,53
1,685	176,63
1,656	175,10
1,624	173,09
1,594	171,15
1,563	169,44
1,530	167,29
1,495	165,28
1,459	163,45
1,422	161,21
1,384	158,88
1,346	157,10
1,310	154,67
1,272	152,27
1,233	150,37
1,194	147,86
1,153	145,56
1,112	143,69
1,071	141,39
1,030	138,95
0,991	137,18
0,950	134,74
0,909	133,05
0,869	130,79
0,828	128,65
0,787	126,97
0,748	124,82
0,710	122,99
0,671	121,45
0,631	119,58
0,594	117,80
0,556	116,46
0,520	114,70
0,485	113,51
0,451	111,98
0,418	110,51
0,386	109,35
0,355	108,07
0,324	106,74
0,295	105,79
0,267	104,59
0,240	103,54
0,214	102,60
0,190	101,64
0,167	100,91
0,145	99,95
0,126	99,12
0,107	98,51
0,090	97,80
0,075	97,09
0,060	96,57
0,047	96,03
0,036	95,56
0,027	95,14
0,019	94,71
0,011	94,37
0,005	93,97
0,002	93,65
0,000	93,38
-0,002	93,13
-0,002	92,97
0,000	92,83
0,005	92,70
0,009	92,62
0,016	92,60
0,024	92,60
0,033	92,64
0,044	92,69
0,055	92,80
0,069	92,90
0,085	93,10
0,102	93,37
0,121	93,57
0,141	93,92
0,162	94,32
0,185	94,62
0,209	95,11
0,234	95,58
0,261	95,98
0,287	96,53
0,316	97,05
0,346	97,68
0,375	98,33
0,408	98,91
0,441	99,68
0,476	100,53
0,511	101,17
0,545	102,07
0,583	103,08
0,620	103,88
0,658	104,97
0,696	105,86
0,735	107,08
0,773	108,30
0,812	109,39
0,853	110,78
0,894	112,21
0,935	113,44
0,975	115,03
1,016	116,30
1,057	118,00
1,096	119,71
1,139	121,12
1,180	122,95
1,219	124,81
1,258	126,37
1,297	128,45
1,335	130,70
1,371	132,40
1,409	134,67
1,445	137,10
1,483	139,07
1,519	141,54
1,552	143,57
1,585	146,24
1,616	148,74
1,646	150,94
1,676	153,63
1,704	156,21
1,733	158,20
1,761	160,83
1,786	163,43
1,811	165,45
1,833	167,99
1,855	170,52
1,874	172,31
1,893	174,84
1,910	177,19
1,926	178,95
1,942	181,08
1,954	183,20
1,965	184,56
1,974	186,37
1,982	187,68
1,989	189,03
1,995	190,14
2,000	191,23
2,003	191,96
2,004	192,91
2,004	193,29
2,003	193,79
2,000	194,09
1,995	194,31
1,989	194,20
1,979	194,07
1,970	193,83
1,959	193,34
1,946	192,62
1,932	192,03
1,918	191,04
1,901	190,16
1,882	188,84
1,861	187,50
1,841	186,30
1,817	184,83
1,795	183,21
1,770	181,88
1,744	180,02
1,717	178,33
1,687	176,96
1,659	175,00
1,627	173,00
1,596	171,39
1,565	169,22
1,532	167,16
1,497	165,50
1,461	163,28
1,425	160,97
1,387	159,19
1,349	156,81
1,312	154,99
1,274	152,56
1,235	150,25
1,195	148,42
1,156	145,91
1,115	143,61
1,074	141,71
1,034	139,45
0,993	136,93
0,953	135,19
0,913	132,98
0,870	130,67
0,829	128,90
0,790	126,81
0,751	124,80
0,712	123,23
0,672	121,32
0,635	119,97
0,597	118,05
0,559	116,25
0,523	114,93
0,487	113,35
0,454	111,86
0,419	110,60
0,388	109,21
0,357	107,86
0,325	106,83
0,297	105,61
0,269	104,73
0,242	103,54
0,215	102,55
0,192	101,73
0,168	100,83
0,146	99,97
0,126	99,29
0,107	98,43
0,091	97,71
0,075	97,23
0,063	96,54
0,049	96,08
0,038	95,58
0,027	95,07
0,017	94,69
0,011	94,33
0,005	93,95
0,002	93,72
0,000	93,45
-0,002	93,28
-0,002	93,08
0,000	92,94
0,003	92,85
0,009	92,75
0,016	92,72
0,024	92,71
0,033	92,76
0,042	92,83
0,055	92,91
0,069	93,07
0,085	93,29
0,102	93,49
0,121	93,77
0,140	94,06
0,160	94,39
0,184	94,81
0,207	95,21
0,232	95,73
0,259	96,23
0,286	96,66
0,314	97,26
0,344	97,89
0,374	98,42
0,407	99,13
0,440	99,71
0,473	100,48
0,509	101,34
0,545	102,05
0,581	103,02
0,619	104,03
0,657	104,86
0,693	106,02
0,732	106,99
0,770	108,23
0,811	109,57
0,851	110,64
0,892	112,08
0,933	113,61
0,974	114,83
1,013	116,45
1,054	118,16
1,095	119,52
1,136	121,26
1,177	122,69
1,217	124,64
1,257	126,59
1,294	128,30
1,332	130,41
1,370	132,55
1,407	134,43
1,444	136,84
1,481	139,28
1,516	141,24
1,550	143,80
1,583	146,37
1,615	148,55
1,645	151,15
1,674	153,70
1,704	155,86
1,733	158,47
1,759	160,51
1,784	163,05
1,810	165,72
1,832	167,76
1,854	170,29
1,874	172,72
1,893	174,60
1,910	176,92
1,926	179,03
1,942	180,77
1,954	182,69
1,965	184,52
1,974	185,93
1,982	187,54
1,989	189,03
1,995	190,12
2,000	191,21
2,003	192,04
2,004	192,71
2,004	193,44
2,003	193,84
2,000	194,19
1,995	194,22
1,989	194,31
1,979	194,19
1,970	193,76
1,960	193,43
1,948	192,71
1,934	191,86
1,918	191,13
1,901	189,92
1,882	188,71
1,861	187,63
1,841	186,19
1,819	184,74
1,797	183,44
1,772	181,81
1,747	180,32
1,718	178,59
1,690	176,72
1,660	175,21
1,629	173,31
1,598	171,23
1,566	169,56
1,533	167,45
1,499	165,36
1,464	163,54
1,426	161,31
1,390	158,97
1,352	157,15
1,315	154,83
1,275	152,51
1,238	150,47
1,199	148,03
1,158	145,66
1,118	143,75
1,078	141,44
1,037	139,10
0,996	137,34
0,957	134,98
0,914	133,21
0,873	130,87
0,833	128,79
0,793	127,21
0,752	125,04
0,713	123,04
0,675	121,53
0,636	119,70
0,598	117,85
0,562	116,55
0,525	114,88
0,490	113,60
0,456	112,09
0,423	110,58
0,390	109,43
0,358	108,09
0,328	106,76
0,298	105,86
0,272	104,65
0,243	103,53
0,217	102,67
0,192	101,68
0,170	100,92
0,148	100,07
0,127	99,19
0,108	98,52
0,093	97,76
0,077	97,11
0,063	96,60
0,050	96,05
0,038	95,50
0,027	95,12
0,019	94,68
0,011	94,25
0,006	93,95
0,002	93,62
0,000	93,39
0,000	93,12
0,000	92,96
0,000	92,82
0,003	92,71
0,008	92,65
0,014	92,63
0,020	92,68
0,031	92,72
0,041	92,83
0,053	92,87
0,068	93,02
0,083	93,17
0,101	93,41
0,119	93,62
0,138	93,96
0,159	94,28
0,182	94,59
0,206	95,06
0,231	95,50
0,258	95,95
0,284	96,53
0,313	96,96
0,341	97,64
0,372	98,30
0,404	98,92
0,437	99,69
0,471	100,47
0,506	101,16
0,542	102,03
0,578	102,98
0,616	103,77
0,653	104,82
0,691	105,72
0,729	106,95
0,767	108,12
0,806	109,20
0,847	110,62
0,888	112,04
0,930	113,27
0,971	114,83
1,012	116,45
1,051	117,79
1,092	119,54
1,133	120,91
1,173	122,71
1,214	124,59
1,253	126,19
1,291	128,25
1,329	130,40
1,367	132,11
1,404	134,45
1,440	136,78
1,478	138,72
1,513	141,26
1,547	143,25
1,580	145,80
1,612	148,44
1,641	150,61
1,671	153,19
1,701	155,79
1,729	157,86
1,756	160,51
1,783	163,01
1,806	165,13
1,830	167,69
1,852	170,14
1,872	172,03
1,891	174,51
1,909	176,83
1,924	178,56
1,940	180,64
1,953	182,69
1,965	184,16
1,974	185,98
1,982	187,58
1,989	188,71
1,993	189,90
1,998	190,82
2,001	191,87
2,003	192,68
2,003	193,26
2,003	193,68
2,000	194,00
1,995	194,11
1,989	194,25
1,981	194,02
1,971	193,79
1,960	193,20
1,948	192,59
1,935	191,90
1,920	190,94
1,902	190,02
1,883	188,90
1,863	187,56
1,843	186,43
1,821	184,99
1,799	183,44
1,773	182,11
1,748	180,35
1,720	178,48
1,692	177,03
1,662	175,18
1,630	173,15
1,601	171,62
1,568	169,47
1,536	167,36
1,502	165,69
1,466	163,47
1,429	161,25
1,393	159,50
1,356	157,12
1,318	155,24
1,280	152,85
1,241	150,48
1,202	148,55
1,162	146,15
1,122	143,82
1,081	141,88
1,040	139,62
0,999	137,33
0,960	135,38
0,919	133,19
0,878	130,94
0,837	129,24
0,796	127,08
0,756	125,02
0,718	123,39
0,679	121,53
0,639	120,04
0,602	118,20
0,565	116,48
0,528	115,22
0,492	113,56
0,459	112,07
0,424	110,85
0,393	109,48
0,361	108,06
0,331	107,10
0,302	105,81
0,273	104,93
0,245	103,72
0,218	102,69
0,195	101,93
0,171	100,94
0,149	100,04
0,129	99,33
0,110	98,52
0,094	97,79
0,079	97,27
0,064	96,62
0,050	96,14
0,039	95,59
0,028	95,14
0,019	94,78
0,011	94,39
0,006	93,96
0,003	93,68
0,000	93,39
0,000	93,13
-0,002	93,01
0,000	92,86
0,003	92,79
0,008	92,70
0,014	92,69
0,022	92,69
0,031	92,72
0,041	92,84
0,053	92,93
0,068	93,09
0,083	93,25
0,099	93,44
0,118	93,71
0,137	93,95
0,157	94,31
0,181	94,71
0,204	95,02
0,228	95,51
0,254	96,07
0,281	96,46
0,309	97,08
0,339	97,67
0,369	98,22
0,402	98,95
0,435	99,54
0,468	100,34
0,503	101,14
0,539	101,86
0,575	102,77
0,611	103,80
0,649	104,64
0,688	105,79
0,726	106,97
0,763	107,98
0,803	109,29
0,844	110,65
0,884	111,80
0,927	113,31
0,968	114,56
1,007	116,15
1,048	117,79
1,089	119,26
1,129	121,00
1,170	122,78
1,210	124,31
1,250	126,25
1,288	127,86
1,326	130,05
1,363	132,19
1,401	134,10
1,439	136,45
1,475	138,84
1,511	140,83
1,546	143,39
1,577	145,91
1,608	148,00
1,640	150,51
1,670	153,22
1,698	155,32
1,728	157,98
1,755	160,60
1,780	162,72
1,805	165,29
1,828	167,35
1,850	169,99
1,871	172,34
1,890	174,25
1,907	176,56
1,924	178,80
1,938	180,53
1,951	182,50
1,962	184,36
1,971	185,73
1,981	187,37
1,987	188,85
1,993	189,89
2,000	191,03
2,001	191,98
2,003	192,62
2,003	193,36
2,003	193,81
2,000	193,99
1,996	194,23
1,990	194,18
1,982	194,10
1,973	193,69
1,962	193,38
1,949	192,85
1,935	191,92
1,921	191,17
1,905	190,12
1,887	188,99
1,866	187,92
1,846	186,48
1,824	184,93
1,800	183,65
1,777	181,97
1,751	180,53
1,723	178,74
1,695	176,98
1,665	175,60
1,635	173,47
1,604	171,61
1,572	169,92
1,539	167,78
1,505	165,69
1,470	163,95
1,434	161,68
1,396	159,36
1,359	157,50
1,321	155,12
1,283	152,84
1,244	150,88
1,206	148,45
1,166	146,15
1,125	144,25
1,084	141,93
1,045	140,07
1,004	137,71
0,963	135,48
0,922	133,55
0,881	131,38
0,840	129,30
0,800	127,53
0,760	125,50
0,721	123,45
0,682	121,96
0,644	120,06
0,606	118,26
0,569	116,98
0,531	115,07
0,496	113,85
0,462	112,31
0,427	110,84
0,396	109,70
0,364	108,25
0,335	106,94
0,305	105,81
0,275	104,74
0,248	103,59
0,221	102,71
0,196	101,67
0,173	100,91
0,152	100,01
0,132	99,15
0,113	98,47
0,096	97,75
0,080	97,00
0,064	96,51
0,052	95,87
0,039	95,44
0,030	94,94
0,020	94,48
0,013	94,12
0,006	93,74
0,003	93,45
0,002	93,25
0,000	93,00
0,000	92,86
0,000	92,73
0,003	92,59
0,008	92,55
0,013	92,53
0,020	92,52
0,030	92,55
0,041	92,63
0,052	92,73
0,066	92,84
0,080	92,99
0,097	93,22
0,115	93,45
0,135	93,70
0,156	94,07
0,178	94,40
0,201	94,84
0,226	95,21
0,251	95,77
0,278	96,32
0,306	96,81
0,336	97,46
0,366	98,14
0,397	98,72
0,430	99,52
0,465	100,30
0,500	101,00
0,534	101,84
0,572	102,61
0,608	103,60
0,646	104,65
0,683	105,53
0,721	106,71
0,760	107,97
0,800	108,99
0,839	110,35
0,881	111,81
0,922	113,01
0,963	114,53
1,004	115,81
1,045	117,47
1,084	119,21
1,125	120,59
1,166	122,42
1,206	124,25
1,246	125,79
1,285	127,85
1,323	129,97
1,360	131,74
1,396	134,10
1,434	135,95
1,472	138,31
1,506	140,82
1,541	142,84
1,574	145,37
1,605	148,09
1,637	150,20
1,667	152,75
1,696	155,50
1,725	157,46
1,751	160,11
1,778	162,77
1,802	164,85
1,825	167,31
1,849	169,85
1,869	171,79
1,888	174,17
1,905	176,57
1,921	178,31
1,937	180,41
1,949	182,14
1,960	184,00
1,971	185,77
1,979	187,11
1,987	188,68
1,993	189,83
1,998	190,96
2,001	191,84
2,003	192,80
2,003	193,30
2,003	193,75
2,001	194,12
1,996	194,29
1,990	194,29
1,982	194,17
1,973	193,87
1,962	193,41
1,951	193,04
1,937	192,16
1,923	191,32
1,907	190,49
1,888	189,16
1,869	187,95
1,847	186,81
1,825	185,38
1,803	183,81
1,780	182,38
1,753	180,68
1,726	178,89
1,698	177,45
1,668	175,48
1,638	173,49
1,607	172,10
1,576	169,89
1,543	168,31
1,510	166,22
1,473	164,06
1,437	162,26
1,400	159,98
1,363	157,70
1,324	155,71
1,286	153,42
1,247	151,02
1,210	149,05
1,170	146,68
1,129	144,25
1,089	142,31
1,048	139,95
1,007	137,75
0,966	135,91
0,925	133,65
0,884	131,40
0,844	129,64
0,804	127,49
0,763	125,87
0,724	123,83
0,685	121,87
0,647	120,40
0,609	118,63
0,572	116,82
0,536	115,43
0,500	113,87
0,465	112,29
0,430	111,15
0,399	109,70
0,368	108,52
0,336	107,12
0,308	105,88
0,278	104,93
0,250	103,85
0,223	102,81
0,199	101,94
0,176	101,01
0,154	100,20
0,134	99,40
0,115	98,65
0,097	98,05
0,082	97,31
0,066	96,70
0,053	96,21
0,041	95,68
0,031	95,17
0,020	94,80
0,013	94,40
0,008	94,07
0,003	93,68
0,002	93,38
0,000	93,22
0,000	92,99
0,000	92,83
0,002	92,69
0,006	92,57
0,013	92,52
0,020	92,55
0,028	92,56
0,039	92,58
0,050	92,67
0,064	92,86
0,079	93,02
0,096	93,24
0,115	93,50
0,134	93,78
0,154	94,10
0,176	94,51
0,198	94,83
0,223	95,26
0,250	95,80
0,276	96,22
0,303	96,80
0,333	97,28
0,363	97,92
0,394	98,66
0,427	99,32
0,462	100,06
0,496	100,92
0,533	101,63
0,569	102,58
0,605	103,57
0,642	104,40
0,680	105,50
0,718	106,47
0,757	107,70
0,796	108,98
0,836	110,05
0,877	111,46
0,919	112,96
0,960	114,17
1,001	115,84
1,040	117,46
1,081	118,81
1,120	120,58
1,162	121,98
1,202	123,87
1,243	125,85
1,282	127,44
1,319	129,55
1,357	131,75
1,393	133,58
1,431	135,98
1,469	138,41
1,503	140,30
1,538	142,84
1,571	145,44
1,604	147,54
1,634	150,20
1,663	152,23
1,693	154,80
1,722	157,43
1,748	159,60
1,775	162,20
1,800	164,80
1,824	166,86
1,847	169,48
1,868	171,93
1,887	173,89
1,904	176,14
1,920	178,39
1,935	180,07
1,948	182,08
1,960	183,97
1,971	185,39
1,979	187,11
1,987	188,56
1,993	189,73
1,998	190,80
2,001	191,58
2,003	192,60
2,004	193,16
2,004	193,71
2,001	194,13
1,996	194,31
1,992	194,18
1,984	194,20
1,974	193,87
1,963	193,52
1,953	192,99
1,938	192,08
1,924	191,38
1,909	190,38
1,890	189,17
1,871	188,16
1,849	186,78
1,827	185,27
1,805	184,03
1,781	182,38
1,756	180,91
1,729	179,14
1,700	177,25
1,671	175,83
1,640	173,70
1,610	171,99
1,577	170,22
1,546	168,17
1,511	166,05
1,477	164,32
1,440	162,18
1,403	159,71
1,365	157,95
1,327	155,63
1,290	153,08
1,250	151,25
1,213	148,74
1,173	146,46
1,133	144,46
1,092	142,14
1,051	140,26
1,010	137,92
0,969	135,67
0,928	133,85
0,888	131,63
0,848	129,42
0,807	127,73
0,767	125,55
0,727	123,57
0,688	121,94
0,650	120,00
0,613	118,38
0,575	116,92
0,537	115,28
0,503	113,94
0,468	112,43
0,434	110,88
0,402	109,79
0,369	108,42
0,339	107,08
0,309	106,05
0,280	104,87
0,253	103,74
0,226	102,90
0,201	101,88
0,178	101,11
0,156	100,20
0,135	99,31
0,116	98,69
0,097	97,93
0,082	97,23
0,068	96,76
0,053	96,19
0,042	95,78
0,031	95,23
0,022	94,82
0,013	94,53
0,008	94,12
0,003	93,77
0,002	93,53
0,000	93,30
0,000	93,13
0,000	93,03
0,002	92,91
0,006	92,79
0,011	92,73
0,019	92,76
0,028	92,75
0,038	92,77
0,050	92,88
0,063	92,97
0,077	93,12
0,094	93,34
0,113	93,52
0,132	93,85
0,152	94,16
0,173	94,48
0,196	94,88
0,221	95,22
0,248	95,74
0,275	96,25
0,302	96,73
0,331	97,36
0,361	97,97
0,393	98,58
0,426	99,34
0,459	100,17
0,493	100,83
0,529	101,73
0,565	102,46
0,602	103,39
0,639	104,47
0,679	105,35
0,716	106,52
0,754	107,77
0,793	108,85
0,833	110,09
0,873	111,50
0,916	112,71
0,957	114,28
0,997	115,58
1,037	117,19
1,078	118,88
1,118	120,28
1,158	122,10
1,199	123,95
1,239	125,48
1,279	127,55
1,316	129,63
1,354	131,38
1,390	133,61
1,428	135,51
1,466	137,99
1,502	140,44
1,536	142,40
1,569	144,95
1,601	147,59
1,630	149,70
1,662	152,31
1,690	154,97
1,720	157,12
1,747	159,79
1,773	162,38
1,799	164,37
1,822	166,91
1,844	169,36
1,866	171,40
1,885	173,85
1,902	176,05
1,920	177,99
1,934	180,06
1,948	182,21
1,959	183,77
1,970	185,57
1,979	186,83
1,987	188,28
1,993	189,69
1,998	190,42
2,001	191,65
2,003	192,50
2,003	193,04
2,003	193,63
2,001	194,11
1,998	194,25
1,992	194,37
1,984	194,35
1,974	194,02
1,963	193,52
1,953	193,09
1,940	192,35
1,926	191,45
1,910	190,51
1,891	189,41
1,872	188,18
1,850	187,13
1,828	185,61
1,806	184,06
1,783	182,73
1,758	181,03
1,731	179,29
1,703	177,79
1,673	175,79
1,641	173,68
1,612	172,25
1,580	170,23
1,547	168,23
1,514	166,58
1,480	164,30
1,442	162,61
1,406	160,33
1,368	158,11
1,330	156,13
1,291	153,83
1,253	151,32
1,216	149,57
1,177	147,06
1,136	144,62
1,095	142,82
1,054	140,46
1,013	138,18
0,972	136,27
0,931	134,08
0,892	131,79
0,851	129,93
0,811	127,82
0,770	126,16
0,730	124,14
0,691	122,08
0,653	120,66
0,616	118,86
0,578	117,15
0,542	115,65
0,504	114,15
0,470	112,54
0,437	111,34
0,404	109,90
0,372	108,79
0,341	107,46
0,311	106,11
0,283	105,19
0,254	104,06
0,228	102,97
0,203	102,15
0,179	101,17
0,157	100,34
0,135	99,60
0,116	98,73
0,099	97,99
0,083	97,45
0,069	96,77
0,055	96,29
0,042	95,80
0,031	95,29
0,022	94,88
0,014	94,49
0,008	94,10
0,003	93,86
0,002	93,55
0,000	93,28
0,000	93,09
0,000	92,90
0,002	92,78
0,005	92,69
0,011	92,60
0,019	92,59
0,027	92,55
0,038	92,63
0,049	92,75
0,063	92,91
0,077	93,13
0,094	93,36
0,112	93,66
0,130	93,88
0,151	94,28
0,171	94,66
0,195	95,00
0,220	95,44
0,245	95,91
0,272	96,31
0,300	96,90
0,328	97,50
0,360	97,99
0,391	98,68
0,424	99,29
0,457	100,10
0,492	100,93
0,526	101,66
0,562	102,59
0,600	103,59
0,638	104,42
0,675	105,55
0,713	106,67
0,751	107,66
0,790	108,93
0,831	110,01
0,872	111,42
0,913	112,92
0,953	114,13
0,994	115,72
1,035	117,40
1,074	118,74
1,115	120,52
1,156	122,29
1,195	123,78
1,236	125,73
1,275	127,36
1,315	129,39
1,351	131,59
1,389	133,42
1,426	135,73
1,462	138,13
1,499	140,14
1,533	142,67
1,566	145,18
1,599	147,26
1,629	149,99
1,659	152,54
1,689	154,50
1,718	157,12
1,747	159,76
1,773	161,94
1,797	164,45
1,821	167,07
1,843	169,13
1,865	171,63
1,883	173,63
1,901	175,95
1,918	178,11
1,934	179,86
1,946	181,94
1,959	183,87
1,968	185,34
1,979	186,99
1,987	188,46
1,993	189,45
1,998	190,73
2,001	191,80
2,003	192,50
2,003	193,30
2,003	193,58
2,001	194,00
1,998	194,34
1,992	194,47
1,984	194,25
1,976	193,92
1,965	193,67
1,954	193,13
1,942	192,34
1,926	191,61
1,910	190,55
1,893	189,33
1,872	188,43
1,852	187,07
1,830	185,63
1,808	184,36
1,784	182,68
1,759	180,99
1,733	179,55
1,704	177,70
1,674	176,20
1,643	174,31
1,613	172,38
1,582	170,67
1,549	168,66
1,516	166,58
1,481	164,80
1,445	162,57
1,409	160,36
1,371	158,51
1,334	156,09
1,294	153,84
1,257	151,83
1,219	149,61
1,178	147,05
1,139	145,23
1,098	142,86
1,056	140,45
1,015	138,68
0,975	136,29
0,935	134,01
0,894	132,08
0,853	130,03
0,812	127,82
0,773	126,33
0,732	124,13
0,694	122,59
0,657	120,64
0,617	118,92
0,580	117,52
0,543	115,78
0,506	114,42
0,471	112,84
0,438	111,34
0,405	110,23
0,374	108,95
0,342	107,58
0,313	106,53
0,284	105,33
0,256	104,21
0,229	103,39
0,204	102,32
0,181	101,33
0,159	100,58
0,138	99,79
0,118	99,16
0,101	98,45
0,083	97,70
0,069	97,23
0,055	96,63
0,044	96,07
0,033	95,71
0,022	95,21
0,014	94,84
0,008	94,54
0,003	94,20
0,002	93,89
0,000	93,66
0,000	93,41
0,000	93,28
0,002	93,12
0,005	92,98
0,011	92,92
0,019	92,91
0,027	92,93
0,038	92,93
0,049	93,07
0,061	93,16
0,075	93,30
0,093	93,55
0,110	93,75
0,129	94,06
0,149	94,41
0,171	94,68
0,193	95,12
0,218	95,57
0,243	95,95
0,270	96,48
0,298	97,01
0,328	97,48
0,358	98,17
0,390	98,73
0,421	99,46
0,454	100,25
0,489	100,88
0,525	101,74
0,561	102,68
0,597	103,43
0,635	104,50
0,672	105,36
0,710	106,49
0,749	107,71
0,789	108,78
0,829	110,04
0,870	111,44
0,911	112,64
0,952	114,17
0,991	115,80
1,032	117,10
1,073	118,85
1,114	120,23
1,153	122,05
1,195	123,86
1,235	125,43
1,274	127,40
1,312	129,43
1,349	131,20
1,387	133,54
1,425	135,83
1,462	137,67
1,497	140,22
1,532	142,80
1,565	144,84
1,596	147,41
1,627	149,98
1,659	152,12
1,689	154,75
1,717	156,91
1,745	159,49
1,770	162,02
1,795	164,09
1,819	166,72
1,843	169,24
1,863	171,28
1,883	173,65
1,901	176,00
1,918	177,77
1,932	179,99
1,946	182,05
1,957	183,60
1,968	185,28
1,978	187,03
1,985	188,21
1,992	189,54
1,998	190,78
2,001	191,57
2,003	192,51
2,003	193,04
2,003	193,81
2,001	194,14
1,998	194,36
1,992	194,38
1,985	194,26
1,976	194,10
1,967	193,63
1,954	193,08
1,942	192,44
1,926	191,56
1,910	190,56
1,893	189,64
1,874	188,32
1,854	187,21
1,832	185,83
1,810	184,19
1,786	182,91
1,761	181,23
1,734	179,42
1,706	177,91
1,676	176,09
1,646	174,10
1,615	172,61
1,583	170,58
1,552	168,51
1,517	166,86
1,483	164,72
1,447	162,53
1,409	160,80
1,373	158,41
1,335	156,14
1,296	154,14
1,258	151,80
1,221	149,29
1,181	147,35
1,140	145,00
1,100	143,16
1,059	140,85
1,018	138,56
0,977	136,66
0,936	134,32
0,895	132,08
0,855	130,29
0,814	128,22
0,774	126,12
0,735	124,55
0,696	122,46
0,658	120,63
0,620	119,11
0,581	117,31
0,545	116,00
0,509	114,33
0,473	112,76
0,440	111,59
0,407	110,13
0,375	108,73
0,346	107,72
0,314	106,45
0,284	105,18
0,256	104,22
0,229	103,17
0,204	102,37
0,182	101,33
0,159	100,39
0,138	99,66
0,119	98,84
0,101	98,12
0,085	97,52
0,069	96,90
0,057	96,27
0,044	95,85
0,033	95,39
0,022	95,00
0,014	94,59
0,009	94,15
0,005	93,93
0,002	93,59
0,000	93,34
0,000	93,14
0,000	92,92
0,002	92,80
0,005	92,69
0,011	92,64
0,019	92,61
0,027	92,65
0,038	92,68
0,049	92,76
0,061	92,90
0,075	93,08
0,091	93,22
0,108	93,52
0,129	93,84
0,149	94,09
0,170	94,50
0,193	94,85
0,217	95,30
0,243	95,85
0,270	96,25
0,297	96,83
0,327	97,44
0,357	97,97
0,388	98,65
0,419	99,42
0,452	100,01
0,487	100,86
0,523	101,50
0,559	102,43
0,597	103,45
0,633	104,28
0,671	105,35
0,708	106,51
0,748	107,48
0,787	108,77
0,828	110,14
0,869	111,26
0,909	112,76
0,950	113,93
0,990	115,54
1,030	117,15
1,070	118,53
1,111	120,29
1,151	122,12
1,194	123,57
1,233	125,48
1,272	127,47
1,310	129,17
1,348	131,34
1,385	133,17
1,422	135,43
1,459	137,80
1,495	139,78
1,530	142,37
1,565	144,98
1,596	147,01
1,626	149,67
1,657	152,34
1,687	154,36
1,715	156,89
1,744	159,47
1,769	161,58
1,794	164,10
1,819	166,67
1,841	168,87
1,863	171,38
1,883	173,86
1,901	175,80
1,918	178,17
1,932	179,83
1,945	181,97
1,957	183,81
1,968	185,16
1,978	186,92
1,985	188,34
1,993	189,37
1,998	190,63
2,000	191,70
2,003	192,35
2,003	193,16
2,003	193,75
2,001	194,06
1,998	194,31
1,993	194,46
1,985	194,44
1,978	194,10
1,967	193,72
1,954	193,27
1,942	192,54
1,927	191,71
1,912	190,77
1,894	189,47
1,874	188,45
1,854	187,17
1,832	185,64
1,810	184,41
1,786	182,82
1,762	181,04
1,736	179,64
1,707	177,83
1,678	176,01
1,646	174,38
1,616	172,37
1,585	170,38
1,552	168,72
1,519	166,64
1,484	164,94
1,448	162,76
1,411	160,41
1,373	158,66
1,335	156,29
1,297	153,89
1,260	152,03
1,221	149,58
1,183	147,21
1,142	145,27
1,101	142,88
1,060	140,60
1,019	138,67
0,979	136,40
0,938	134,09
0,897	132,37
0,856	130,10
0,815	128,44
0,776	126,31
0,737	124,16
0,697	122,66
0,660	120,75
0,620	119,00
0,583	117,49
0,545	115,84
0,509	114,22
0,474	112,97
0,441	111,38
0,408	110,22
0,377	108,82
0,346	107,47
0,316	106,52
0,286	105,29
0,258	104,13
0,232	103,11
0,206	102,16
0,182	101,20
0,160	100,44
0,140	99,59
0,119	98,89
0,102	98,14
0,085	97,42
0,071	96,89
0,057	96,27
0,044	95,70
0,033	95,30
0,024	94,84
0,016	94,45
0,008	94,12
0,003	93,75
0,002	93,56
0,000	93,26
0,000	93,05
0,000	92,93
0,000	92,79
0,005	92,68
0,011	92,64
0,019	92,62
0,027	92,63
0,038	92,73
0,049	92,79
0,060	92,91
0,074	93,09
0,090	93,30
0,108	93,49
0,127	93,78
0,148	94,10
0,170	94,40
0,192	94,78
0,217	95,24
0,242	95,68
0,269	96,19
0,297	96,75
0,325	97,29
0,355	97,92
0,386	98,49
0,418	99,26
0,451	100,05
0,485	100,78
0,522	101,66
0,558	102,57
0,595	103,32
0,633	104,39
0,669	105,47
0,707	106,41
0,746	107,57
0,784	108,60
0,825	109,88
0,866	111,30
0,906	112,48
0,949	114,08
0,988	115,60
1,029	116,94
1,068	118,59
1,109	120,40
1,150	121,83
1,191	123,72
1,232	125,22
1,271	127,25
1,308	129,31
1,346	131,06
1,384	133,32
1,420	135,68
1,458	137,53
1,494	140,06
1,528	142,65
1,563	144,66
1,594	147,04
1,626	149,74
1,656	151,89
1,685	154,45
1,714	156,66
1,742	159,19
1,767	161,93
1,792	164,03
1,817	166,63
1,841	168,97
1,861	170,95
1,882	173,32
1,899	175,84
1,916	177,75
1,931	179,88
1,945	181,86
1,957	183,40
1,968	185,33
1,978	186,98
1,985	188,13
1,992	189,45
1,996	190,64
2,000	191,55
2,003	192,45
2,003	193,05
2,003	193,60
2,001	194,07
1,998	194,30
1,993	194,44
1,985	194,33
1,978	194,22
1,967	193,75
1,956	193,14
1,943	192,55
1,927	191,64
1,912	190,60
1,894	189,67
1,876	188,39
1,855	187,04
1,833	185,79
1,811	184,34
1,788	182,66
1,762	181,33
1,736	179,64
1,709	177,89
1,679	176,41
1,648	174,48
1,618	172,93
1,587	170,73
1,554	168,74
1,521	166,90
1,486	164,76
1,450	162,57
1,414	160,70
1,376	158,41
1,338	156,03
1,301	154,17
1,261	151,76
1,224	149,29
1,184	147,44
1,144	145,06
1,103	142,77
1,062	140,93
1,021	138,61
0,980	136,30
0,939	134,42
0,900	132,30
0,858	130,16
0,818	128,30
0,778	126,27
0,738	124,63
0,699	122,68
0,661	120,80
0,622	119,37
0,584	117,55
0,548	115,78
0,512	114,54
0,478	112,98
0,443	111,51
0,410	110,24
0,379	108,87
0,347	107,68
0,317	106,45
0,287	105,24
0,259	104,34
0,232	103,27
0,207	102,13
0,184	101,37
0,162	100,46
0,140	99,61
0,121	98,99
0,102	98,16
0,085	97,62
0,071	96,92
0,058	96,28
0,046	95,85
0,033	95,32
0,024	94,84
0,016	94,48
0,009	94,09
0,005	93,72
0,002	93,48
0,000	93,27
-0,002	93,12
-0,002	92,94
0,000	92,84
0,005	92,77
0,011	92,71
0,017	92,71
0,027	92,79
0,036	92,86
0,047	92,94
0,060	93,09
0,074	93,25
0,090	93,45
0,107	93,71
0,126	93,99
0,146	94,22
0,168	94,60
0,190	95,04
0,215	95,35
0,240	95,86
0,267	96,39
0,294	96,89
0,322	97,44
0,353	97,99
0,385	98,63
0,416	99,39
0,449	100,00
0,484	100,81
0,518	101,66
0,554	102,42
0,592	103,39
0,630	104,39
0,668	105,28
0,705	106,45
0,743	107,69
0,782	108,68
0,822	110,01
0,862	111,16
0,905	112,62
0,946	114,13
0,986	115,45
1,026	117,10
1,067	118,76
1,106	120,18
1,148	121,97
1,189	123,76
1,230	125,31
1,268	127,31
1,305	128,97
1,343	131,12
1,381	133,41
1,417	135,31
1,455	137,68
1,491	140,14
1,527	142,12
1,560	144,64
1,593	147,28
1,623	149,35
1,654	151,89
1,684	154,52
1,712	156,65
1,740	159,35
1,767	161,91
1,792	163,91
1,816	166,48
1,839	168,56
1,860	170,92
1,880	173,53
1,898	175,39
1,915	177,59
1,929	179,85
1,943	181,58
1,957	183,57
1,968	185,35
1,978	186,70
1,985	188,21
1,990	189,53
1,996	190,57
2,000	191,54
2,003	192,50
2,003	192,99
2,003	193,76
2,001	194,00
1,998	194,28
1,993	194,48
1,987	194,43
1,978	194,20
1,968	193,87
1,956	193,43
1,943	192,73
1,929	191,91
1,913	191,06
1,896	189,92
1,877	188,57
1,857	187,51
1,835	186,12
1,813	184,47
1,789	183,24
1,766	181,52
1,739	179,73
1,711	178,29
1,681	176,39
1,651	175,01
1,621	173,04
1,590	171,11
1,558	169,39
1,524	167,27
1,489	165,19
1,453	163,39
1,417	161,16
1,379	158,76
1,341	157,03
1,304	154,54
1,266	152,27
1,227	150,20
1,188	147,75
1,147	145,52
1,106	143,53
1,065	141,20
1,026	138,95
0,985	137,09
0,944	134,64
0,903	132,51
0,862	130,64
0,822	128,56
0,782	126,86
0,743	124,81
0,704	122,86
0,664	121,27
0,625	119,48
0,587	117,64
0,551	116,32
0,515	114,60
0,481	113,12
0,446	111,84
0,413	110,31
0,380	109,26
0,350	107,89
0,320	106,57
0,291	105,70
0,262	104,43
0,236	103,34
0,210	102,55
0,185	101,54
0,163	100,60
0,141	99,83
0,123	98,99
0,104	98,30
0,088	97,70
0,072	97,01
0,058	96,54
0,046	95,94
0,035	95,42
0,025	95,07
0,017	94,66
0,011	94,26
0,005	93,94
0,002	93,62
0,000	93,39
-0,002	93,12
-0,002	92,99
0,000	92,87
0,005	92,71
0,011	92,65
0,017	92,59
0,025	92,57
0,035	92,61
0,046	92,68
0,058	92,80
0,072	92,93
0,088	93,09
0,107	93,33
0,124	93,56
0,145	93,89
0,165	94,25
0,188	94,58
0,212	95,07
0,239	95,56
0,264	95,96
0,292	96,56
0,320	97,18
0,350	97,67
0,380	98,37
0,413	98,98
0,446	99,70
0,481	100,53
0,515	101,22
0,551	102,10
0,587	103,08
0,627	103,88
0,664	104,97
0,702	105,86
0,740	107,14
0,778	108,37
0,818	109,50
0,859	110,86
0,900	112,33
0,942	113,58
0,982	115,10
1,023	116,83
1,063	118,13
1,103	119,88
1,144	121,65
1,186	123,12
1,225	125,03
1,264	126,57
1,304	128,57
1,340	130,79
1,378	132,61
1,414	134,91
1,451	137,34
1,488	139,38
1,524	141,92
1,558	144,38
1,591	146,54
1,621	149,10
1,651	151,17
1,681	153,86
1,709	156,48
1,737	158,54
1,764	161,14
1,791	163,75
1,814	165,71
1,836	168,37
1,858	170,79
1,879	172,78
1,896	175,21
1,913	177,41
1,929	179,29
1,943	181,45
1,956	183,40
1,967	184,82
1,976	186,55
1,984	188,02
1,990	189,12
1,995	190,44
2,000	191,34
2,003	192,21
2,003	192,88
2,003	193,46
2,003	193,81
2,000	194,23
1,993	194,22
1,987	194,28
1,979	194,17
1,968	193,79
1,957	193,22
1,943	192,58
1,931	191,77
1,915	190,82
1,898	189,67
1,879	188,71
1,858	187,30
1,836	186,13
1,814	184,62
1,791	183,02
1,767	181,66
1,740	179,93
1,712	178,06
1,684	176,60
1,652	174,64
1,623	172,74
1,591	171,01
1,558	168,97
1,527	166,87
1,492	165,15
1,456	162,90
1,418	160,67
1,381	158,91
1,343	156,51
1,305	154,04
1,268	152,22
1,228	149,78
1,189	147,78
1,150	145,53
1,109	143,13
1,068	141,24
1,026	138,89
0,986	136,63
0,946	134,84
0,905	132,63
0,864	130,37
0,823	128,62
0,784	126,49
0,743	124,50
0,705	122,98
0,666	121,08
0,628	119,21
0,589	117,85
0,553	116,07
0,517	114,83
0,482	113,25
0,448	111,71
0,415	110,56
0,382	109,14
0,352	107,76
0,320	106,80
0,292	105,59
0,264	104,38
0,237	103,53
0,210	102,47
0,187	101,67
0,165	100,74
0,143	99,93
0,123	99,20
0,105	98,44
0,088	97,75
0,072	97,20
0,060	96,55
0,047	95,97
0,035	95,55
0,025	95,06
0,017	94,71
0,009	94,28
0,005	93,89
0,002	93,65
0,000	93,48
-0,002	93,24
-0,002	93,12
0,000	92,94
0,005	92,89
0,009	92,89
0,017	92,91
0,025	92,92
0,033	92,97
0,046	93,05
0,057	93,14
0,072	93,28
0,088	93,48
0,105	93,68
0,124	93,91
0,143	94,21
0,165	94,54
0,188	94,95
0,212	95,35
0,237	95,77
0,264	96,31
0,291	96,78
0,319	97,36
0,349	98,06
0,380	98,58
0,413	99,30
0,446	100,08
0,479	100,77
0,515	101,57
0,551	102,46
0,587	103,21
0,625	104,24
0,663	105,12
0,701	106,24
0,738	107,47
0,778	108,45
0,818	109,77
0,859	111,22
0,900	112,43
0,941	113,90
0,980	115,45
1,021	116,81
1,062	118,50
1,103	119,87
1,144	121,60
1,184	123,45
1,225	124,96
1,263	126,92
1,302	129,03
1,338	130,74
1,376	133,05
1,414	135,32
1,451	137,24
1,488	139,68
1,524	142,25
1,557	144,27
1,588	146,89
1,619	148,82
1,649	151,58
1,679	154,22
1,709	156,29
1,737	158,92
1,764	161,48
1,789	163,45
1,813	166,18
1,836	168,63
1,858	170,67
1,879	173,23
1,896	175,48
1,913	177,41
1,927	179,59
1,943	181,69
1,956	183,26
1,967	185,05
1,976	186,82
1,984	188,03
1,990	189,39
1,995	190,56
2,000	191,50
2,003	192,45
2,003	192,92
2,003	193,59
2,003	194,01
2,000	194,29
1,995	194,34
1,987	194,34
1,979	194,13
1,968	193,80
1,957	193,31
1,945	192,78
1,931	191,94
1,915	190,92
1,899	190,03
1,880	188,75
1,860	187,42
1,838	186,22
1,816	184,71
1,792	183,32
1,767	181,59
1,740	179,82
1,712	178,42
1,684	176,55
1,654	174,60
1,623	173,04
1,593	171,11
1,560	169,05
1,527	167,36
1,492	165,22
1,456	163,05
1,418	161,21
1,382	158,94
1,345	156,68
1,307	154,73
1,269	152,28
1,230	149,92
1,191	147,88
1,150	145,74
1,109	143,32
1,068	141,43
1,029	139,07
0,988	137,17
0,949	134,97
0,906	132,72
0,866	130,87
0,825	128,65
0,784	126,57
0,745	124,96
0,705	123,03
0,668	120,93
0,628	119,58
0,592	117,82
0,554	116,20
0,518	114,71
0,482	113,20
0,448	111,96
0,415	110,47
0,383	109,08
0,352	108,07
0,322	106,75
0,292	105,50
0,265	104,54
0,237	103,48
0,212	102,40
0,188	101,66
0,165	100,65
0,145	99,92
0,124	99,13
0,105	98,28
0,088	97,71
0,074	97,01
0,060	96,36
0,047	95,87
0,036	95,38
0,025	94,97
0,017	94,56
0,009	94,12
0,005	93,85
0,002	93,49
0,000	93,24
-0,002	93,06
-0,002	92,90
0,000	92,77
0,005	92,69
0,009	92,65
0,016	92,65
0,025	92,67
0,033	92,72
0,044	92,76
0,057	92,88
0,071	93,04
0,086	93,19
0,105	93,43
0,123	93,67
0,143	93,92
0,165	94,27
0,187	94,66
0,210	95,01
0,236	95,52
0,262	95,95
0,291	96,49
0,319	97,12
0,349	97,70
0,379	98,41
0,412	99,14
0,445	99,76
0,479	100,57
0,514	101,30
0,550	102,18
0,586	103,08
0,624	103,92
0,661	104,97
0,699	106,15
0,737	107,12
0,776	108,35
0,817	109,74
0,856	110,81
0,898	112,29
0,939	113,49
0,980	115,11
1,019	116,74
1,060	118,11
1,101	119,78
1,142	121,55
1,183	123,08
1,224	124,98
1,261	126,98
1,301	128,64
1,337	130,75
1,374	132,59
1,412	134,85
1,450	137,29
1,486	139,25
1,522	141,73
1,555	144,32
1,588	146,35
1,618	148,96
1,649	151,75
1,679	153,76
1,709	156,30
1,736	158,94
1,762	161,07
1,789	163,69
1,813	166,17
1,835	168,20
1,857	170,83
1,877	173,23
1,896	175,21
1,912	177,45
1,927	179,22
1,942	181,24
1,956	183,23
1,967	184,72
1,976	186,42
1,984	188,01
1,990	189,09
1,995	190,40
2,000	191,48
2,003	192,23
2,003	192,87
2,004	193,66
2,003	194,00
2,000	194,34
1,995	194,53
1,987	194,43
1,979	194,19
1,970	193,85
1,957	193,47
1,945	192,70
1,931	191,94
1,916	190,93
1,899	189,86
1,880	188,84
1,860	187,53
1,838	186,00
1,816	184,75
1,792	183,22
1,767	181,54
1,740	180,17
1,714	178,24
1,684	176,42
1,654	175,07
1,624	172,99
1,593	170,90
1,561	169,32
1,528	167,18
1,492	165,16
1,458	163,21
1,420	160,98
1,382	159,13
1,345	156,91
1,308	154,49
1,269	152,55
1,232	150,09
1,191	147,64
1,151	145,79
1,111	143,50
1,070	141,13
1,029	139,29
0,988	137,00
0,949	134,63
0,908	132,96
0,867	130,74
0,826	128,47
0,785	126,76
0,746	124,74
0,707	123,26
0,668	121,34
0,630	119,45
0,592	117,95
0,554	116,25
0,518	114,66
0,484	113,36
0,449	111,83
0,416	110,34
0,383	109,17
0,352	107,86
0,322	106,88
0,292	105,64
0,265	104,49
0,239	103,55
0,214	102,55
0,188	101,53
0,165	100,76
0,145	99,93
0,124	99,06
0,105	98,45
0,088	97,73
0,074	97,17
0,060	96,54
0,047	96,01
0,036	95,58
0,027	95,06
0,017	94,62
0,011	94,29
