Absolutdruck 1 vs Winkelposition, Messreihe #1
Winkelposition ( rad )	Absolutdruck 1 ( kPa )
-1,682	102,79
-1,663	103,23
-1,643	103,72
-1,621	104,16
-1,599	104,76
-1,577	105,17
-1,555	105,74
-1,532	106,36
-1,508	106,83
-1,483	107,51
-1,459	108,18
-1,434	108,70
-1,411	109,46
-1,385	110,21
-1,360	110,81
-1,335	111,59
-1,308	112,31
-1,283	113,12
-1,257	114,05
-1,232	114,81
-1,205	115,73
-1,178	116,68
-1,150	117,48
-1,123	118,45
-1,095	119,34
-1,068	120,42
-1,041	121,47
-1,016	122,33
-0,990	123,41
-0,963	124,55
-0,936	125,48
-0,909	126,67
-0,883	127,82
-0,856	128,79
-0,829	130,06
-0,804	131,10
-0,779	132,40
-0,754	133,78
-0,727	134,92
-0,701	136,29
-0,675	137,81
-0,650	138,93
-0,627	140,40
-0,603	141,83
-0,581	143,11
-0,558	144,59
-0,536	146,09
-0,512	147,29
-0,490	148,83
-0,467	150,41
-0,446	151,66
-0,424	153,20
-0,404	154,44
-0,383	155,97
-0,363	157,55
-0,344	158,72
-0,324	160,19
-0,305	161,68
-0,287	162,94
-0,270	164,42
-0,253	165,92
-0,237	166,99
-0,221	168,52
-0,207	169,98
-0,193	171,09
-0,179	172,48
-0,165	173,84
-0,151	174,81
-0,138	176,09
-0,126	177,08
-0,113	178,25
-0,102	179,36
-0,093	180,23
-0,082	181,33
-0,072	182,41
-0,063	183,21
-0,055	184,16
-0,049	185,09
-0,042	185,73
-0,036	186,62
-0,031	187,33
-0,025	187,85
-0,019	188,62
-0,014	189,16
-0,011	189,68
-0,008	190,19
-0,006	190,49
-0,003	190,93
-0,002	191,30
0,000	191,62
0,000	191,98
0,000	192,21
0,000	192,38
0,000	192,58
-0,002	192,59
-0,003	192,65
-0,006	192,71
-0,008	192,62
-0,013	192,55
-0,016	192,32
-0,020	192,14
-0,027	191,82
-0,033	191,57
-0,039	191,24
-0,046	190,88
-0,053	190,47
-0,061	189,97
-0,069	189,37
-0,079	188,83
-0,090	188,38
-0,099	187,71
-0,112	187,03
-0,123	186,41
-0,135	185,69
-0,148	184,82
-0,160	184,09
-0,173	183,18
-0,187	182,44
-0,201	181,50
-0,217	180,52
-0,232	179,66
-0,250	178,55
-0,265	177,44
-0,284	176,56
-0,302	175,38
-0,320	174,25
-0,339	173,19
-0,360	172,05
-0,379	170,81
-0,399	169,80
-0,421	168,53
-0,441	167,13
-0,463	166,17
-0,484	164,80
-0,507	163,44
-0,529	162,31
-0,553	160,78
-0,576	159,79
-0,602	158,25
-0,625	156,84
-0,649	155,59
-0,674	154,10
-0,699	152,65
-0,726	151,50
-0,752	150,00
-0,778	148,56
-0,804	147,31
-0,829	145,96
-0,856	144,54
-0,883	143,26
-0,909	141,81
-0,936	140,28
-0,963	139,10
-0,990	137,69
-1,016	136,22
-1,043	135,06
-1,070	133,63
-1,098	132,51
-1,126	131,13
-1,153	129,76
-1,181	128,79
-1,208	127,49
-1,235	126,21
-1,261	125,16
-1,286	123,98
-1,312	122,79
-1,338	121,84
-1,363	120,74
-1,389	119,84
-1,414	118,79
-1,439	117,66
-1,464	116,86
-1,488	115,89
-1,513	114,86
-1,536	114,10
-1,560	113,23
-1,583	112,54
-1,607	111,61
-1,629	110,81
-1,649	110,18
-1,671	109,36
-1,692	108,58
-1,711	108,03
-1,731	107,31
-1,750	106,63
-1,767	106,09
-1,786	105,38
-1,803	104,95
-1,819	104,35
-1,836	103,76
-1,852	103,31
-1,866	102,82
-1,880	102,35
-1,893	101,95
-1,905	101,50
-1,918	101,05
-1,929	100,76
-1,938	100,36
-1,948	100,09
-1,957	99,75
-1,965	99,40
-1,971	99,15
-1,978	98,85
-1,985	98,62
-1,990	98,43
-1,996	98,17
-2,001	98,04
-2,004	97,85
-2,007	97,72
-2,009	97,58
-2,011	97,47
-2,012	97,37
-2,012	97,29
-2,012	97,26
-2,012	97,18
-2,009	97,16
-2,007	97,20
-2,004	97,14
-2,000	97,20
-1,996	97,19
-1,992	97,18
-1,985	97,29
-1,978	97,29
-1,970	97,38
-1,960	97,49
-1,953	97,63
-1,943	97,81
-1,934	97,94
-1,923	98,15
-1,910	98,33
-1,898	98,58
-1,883	98,78
-1,869	99,10
-1,855	99,36
-1,841	99,64
-1,827	99,98
-1,810	100,29
-1,794	100,57
-1,775	100,98
-1,758	101,25
-1,739	101,70
-1,720	102,07
-1,701	102,48
-1,681	102,92
-1,660	103,41
-1,640	103,80
-1,618	104,37
-1,596	104,90
-1,574	105,38
-1,550	105,96
-1,527	106,40
-1,503	107,03
-1,480	107,70
-1,455	108,22
-1,431	108,96
-1,406	109,70
-1,381	110,28
-1,356	111,06
-1,330	111,87
-1,305	112,53
-1,279	113,42
-1,253	114,13
-1,227	115,05
-1,200	116,00
-1,173	116,75
-1,145	117,76
-1,118	118,81
-1,090	119,59
-1,063	120,65
-1,038	121,50
-1,012	122,63
-0,985	123,70
-0,958	124,62
-0,931	125,79
-0,905	126,90
-0,878	127,91
-0,851	129,14
-0,826	130,38
-0,801	131,41
-0,774	132,69
-0,749	133,78
-0,723	135,22
-0,697	136,65
-0,671	137,79
-0,647	139,26
-0,624	140,76
-0,600	141,99
-0,578	143,52
-0,554	145,02
-0,531	146,21
-0,507	147,70
-0,485	149,27
-0,463	150,43
-0,443	151,93
-0,421	153,51
-0,401	154,83
-0,380	156,23
-0,360	157,83
-0,341	159,02
-0,320	160,53
-0,303	162,02
-0,284	163,31
-0,267	164,79
-0,250	165,91
-0,234	167,37
-0,220	168,77
-0,204	169,86
-0,190	171,21
-0,176	172,64
-0,162	173,76
-0,149	175,02
-0,135	176,29
-0,124	177,27
-0,113	178,43
-0,101	179,64
-0,091	180,58
-0,080	181,61
-0,071	182,58
-0,063	183,40
-0,055	184,35
-0,047	184,97
-0,041	185,84
-0,036	186,70
-0,030	187,27
-0,024	187,97
-0,019	188,72
-0,014	189,17
-0,011	189,70
-0,008	190,15
-0,005	190,59
-0,003	191,02
-0,002	191,39
0,000	191,66
0,000	191,86
0,000	192,19
0,000	192,28
0,000	192,45
-0,002	192,49
-0,003	192,61
-0,006	192,55
-0,009	192,57
-0,013	192,45
-0,017	192,24
-0,022	192,02
-0,027	191,76
-0,033	191,49
-0,039	191,10
-0,046	190,74
-0,053	190,19
-0,061	189,82
-0,071	189,25
-0,080	188,79
-0,090	188,18
-0,101	187,49
-0,113	186,92
-0,124	186,18
-0,137	185,44
-0,149	184,69
-0,162	183,86
-0,174	182,88
-0,188	182,15
-0,203	181,20
-0,218	180,21
-0,234	179,33
-0,251	178,27
-0,269	177,13
-0,286	176,34
-0,303	175,08
-0,322	174,19
-0,341	172,97
-0,361	171,74
-0,382	170,71
-0,402	169,45
-0,423	168,13
-0,445	167,18
-0,465	165,70
-0,487	164,45
-0,509	163,25
-0,531	161,96
-0,554	160,56
-0,578	159,42
-0,603	157,90
-0,627	156,50
-0,652	155,37
-0,677	153,81
-0,702	152,76
-0,727	151,24
-0,754	149,76
-0,779	148,62
-0,806	147,17
-0,831	145,69
-0,858	144,51
-0,884	143,00
-0,911	141,53
-0,938	140,35
-0,964	138,96
-0,991	137,44
-1,018	136,27
-1,045	134,86
-1,073	133,46
-1,100	132,33
-1,128	130,96
-1,155	129,93
-1,183	128,65
-1,210	127,32
-1,236	126,33
-1,263	125,03
-1,288	123,90
-1,313	122,97
-1,340	121,76
-1,365	120,64
-1,390	119,74
-1,415	118,70
-1,440	117,86
-1,466	116,80
-1,491	115,86
-1,514	115,09
-1,538	114,11
-1,561	113,13
-1,585	112,47
-1,607	111,61
-1,629	110,79
-1,651	110,11
-1,671	109,29
-1,692	108,72
-1,712	108,01
-1,733	107,30
-1,750	106,74
-1,769	106,04
-1,786	105,41
-1,803	104,91
-1,821	104,36
-1,836	103,76
-1,852	103,39
-1,866	102,82
-1,880	102,36
-1,893	101,98
-1,905	101,56
-1,918	101,13
-1,929	100,74
-1,940	100,41
-1,949	100,07
-1,957	99,76
-1,965	99,54
-1,973	99,18
-1,979	98,93
-1,985	98,74
-1,992	98,49
-1,996	98,23
-2,001	98,13
-2,004	97,92
-2,007	97,78
-2,009	97,64
-2,011	97,50
-2,012	97,40
-2,012	97,36
-2,012	97,28
-2,012	97,26
-2,009	97,20
-2,007	97,19
-2,004	97,22
-2,000	97,19
-1,995	97,22
-1,990	97,25
-1,984	97,29
-1,978	97,36
-1,970	97,41
-1,960	97,55
-1,953	97,65
-1,943	97,76
-1,934	97,94
-1,923	98,12
-1,910	98,32
-1,898	98,52
-1,883	98,71
-1,869	98,99
-1,855	99,26
-1,841	99,53
-1,827	99,87
-1,810	100,11
-1,792	100,46
-1,775	100,86
-1,758	101,19
-1,739	101,57
-1,720	101,98
-1,701	102,33
-1,682	102,80
-1,660	103,26
-1,640	103,64
-1,618	104,18
-1,596	104,63
-1,574	105,23
-1,550	105,81
-1,527	106,27
-1,503	106,91
-1,480	107,54
-1,455	108,11
-1,431	108,82
-1,406	109,53
-1,381	110,12
-1,356	110,90
-1,330	111,53
-1,305	112,37
-1,279	113,25
-1,253	113,98
-1,227	114,85
-1,200	115,83
-1,173	116,59
-1,145	117,60
-1,118	118,37
-1,092	119,44
-1,063	120,52
-1,038	121,39
-1,012	122,46
-0,986	123,55
-0,960	124,43
-0,933	125,64
-0,905	126,79
-0,880	127,77
-0,853	128,95
-0,826	129,99
-0,800	131,27
-0,774	132,60
-0,749	133,70
-0,723	135,18
-0,697	136,53
-0,672	137,69
-0,647	139,11
-0,624	140,62
-0,600	141,84
-0,578	143,34
-0,554	144,84
-0,531	146,05
-0,509	147,53
-0,485	149,03
-0,463	150,31
-0,443	151,88
-0,421	153,08
-0,401	154,62
-0,380	156,15
-0,360	157,37
-0,341	158,89
-0,320	160,41
-0,303	161,59
-0,284	163,12
-0,267	164,60
-0,251	165,77
-0,234	167,23
-0,220	168,72
-0,204	169,82
-0,190	171,21
-0,176	172,57
-0,162	173,66
-0,149	174,95
-0,135	176,18
-0,124	177,13
-0,112	178,25
-0,101	179,25
-0,091	180,33
-0,082	181,43
-0,071	182,27
-0,063	183,26
-0,055	184,17
-0,047	184,92
-0,041	185,81
-0,035	186,65
-0,030	187,27
-0,024	187,99
-0,019	188,71
-0,014	189,15
-0,011	189,68
-0,008	190,14
-0,005	190,57
-0,003	190,92
-0,002	191,32
0,000	191,59
0,000	191,87
0,000	192,17
0,000	192,33
0,000	192,46
-0,002	192,54
-0,003	192,64
-0,006	192,61
-0,009	192,52
-0,013	192,34
-0,017	192,28
-0,020	192,02
-0,027	191,80
-0,033	191,59
-0,039	191,15
-0,046	190,82
-0,053	190,49
-0,061	189,97
-0,071	189,42
-0,080	189,00
-0,090	188,31
-0,101	187,71
-0,112	187,05
-0,124	186,35
-0,137	185,55
-0,149	184,89
-0,162	184,04
-0,174	183,12
-0,188	182,37
-0,203	181,34
-0,218	180,38
-0,234	179,54
-0,251	178,45
-0,269	177,59
-0,286	176,51
-0,303	175,33
-0,322	174,45
-0,341	173,16
-0,361	172,02
-0,382	171,09
-0,402	169,77
-0,423	168,50
-0,443	167,40
-0,465	166,14
-0,485	164,71
-0,509	163,63
-0,531	162,23
-0,554	160,77
-0,578	159,71
-0,603	158,16
-0,627	157,01
-0,652	155,54
-0,677	154,14
-0,702	152,91
-0,727	151,48
-0,754	149,96
-0,779	148,84
-0,806	147,41
-0,831	146,03
-0,859	144,78
-0,886	143,33
-0,913	141,93
-0,938	140,71
-0,964	139,19
-0,991	137,78
-1,018	136,62
-1,046	135,18
-1,073	133,76
-1,101	132,62
-1,128	131,29
-1,156	130,19
-1,183	128,89
-1,210	127,63
-1,236	126,56
-1,263	125,38
-1,288	124,17
-1,315	123,22
-1,340	122,01
-1,365	120,90
-1,390	120,02
-1,415	118,89
-1,440	118,05
-1,466	117,05
-1,491	116,10
-1,514	115,24
-1,539	114,30
-1,563	113,31
-1,585	112,65
-1,607	111,80
-1,629	111,11
-1,651	110,29
-1,673	109,49
-1,693	108,96
-1,714	108,17
-1,733	107,46
-1,751	106,85
-1,769	106,20
-1,788	105,53
-1,805	105,06
-1,821	104,47
-1,838	103,87
-1,852	103,47
-1,868	102,90
-1,880	102,53
-1,894	102,01
-1,907	101,59
-1,918	101,24
-1,929	100,87
-1,940	100,42
-1,949	100,10
-1,959	99,82
-1,967	99,51
-1,973	99,19
-1,979	98,92
-1,985	98,71
-1,992	98,47
-1,996	98,24
-2,001	98,08
-2,004	97,91
-2,007	97,74
-2,011	97,62
-2,011	97,52
-2,012	97,39
-2,012	97,35
-2,012	97,32
-2,011	97,30
-2,009	97,23
-2,007	97,26
-2,004	97,24
-2,000	97,23
-1,995	97,30
-1,990	97,29
-1,984	97,35
-1,978	97,42
-1,970	97,47
-1,960	97,62
-1,951	97,77
-1,942	97,88
-1,932	98,07
-1,921	98,24
-1,909	98,45
-1,896	98,67
-1,882	98,88
-1,868	99,14
-1,854	99,35
-1,839	99,68
-1,825	99,92
-1,808	100,21
-1,791	100,54
-1,773	100,89
-1,756	101,17
-1,737	101,58
-1,718	101,91
-1,698	102,38
-1,679	102,86
-1,659	103,23
-1,637	103,81
-1,615	104,33
-1,593	104,79
-1,571	105,35
-1,547	105,92
-1,524	106,42
-1,500	107,04
-1,477	107,57
-1,453	108,28
-1,428	108,97
-1,403	109,57
-1,378	110,31
-1,352	111,11
-1,327	111,72
-1,302	112,55
-1,275	113,43
-1,250	114,16
-1,224	115,10
-1,197	115,84
-1,169	116,85
-1,142	117,83
-1,115	118,63
-1,087	119,64
-1,060	120,74
-1,035	121,58
-1,008	122,74
-0,982	123,78
-0,955	124,71
-0,928	125,86
-0,902	126,78
-0,875	128,00
-0,848	129,25
-0,822	130,23
-0,796	131,53
-0,771	132,83
-0,745	134,04
-0,719	135,43
-0,693	136,54
-0,668	138,01
-0,644	139,45
-0,620	140,63
-0,597	142,08
-0,573	143,59
-0,550	144,92
-0,528	146,33
-0,504	147,89
-0,482	149,06
-0,460	150,68
-0,440	152,29
-0,418	153,51
-0,397	155,01
-0,377	156,52
-0,357	157,78
-0,338	159,29
-0,319	160,84
-0,300	161,99
-0,281	163,57
-0,264	164,64
-0,247	166,21
-0,232	167,76
-0,217	168,81
-0,203	170,26
-0,188	171,57
-0,174	172,68
-0,160	174,07
-0,146	175,35
-0,134	176,30
-0,121	177,53
-0,110	178,66
-0,099	179,66
-0,090	180,78
-0,079	181,70
-0,069	182,59
-0,061	183,58
-0,053	184,53
-0,047	185,31
-0,041	186,09
-0,035	186,74
-0,028	187,43
-0,024	188,24
-0,017	188,71
-0,014	189,34
-0,009	189,97
-0,008	190,30
-0,005	190,79
-0,003	191,26
-0,002	191,56
0,000	191,85
0,000	192,12
0,000	192,29
0,000	192,48
0,000	192,62
-0,002	192,58
-0,005	192,62
-0,006	192,61
-0,009	192,54
-0,013	192,42
-0,017	192,23
-0,024	192,05
-0,028	191,73
-0,035	191,54
-0,041	191,10
-0,049	190,75
-0,055	190,37
-0,063	189,77
-0,072	189,32
-0,082	188,75
-0,093	188,13
-0,102	187,54
-0,115	186,86
-0,127	186,13
-0,140	185,46
-0,151	184,69
-0,165	183,75
-0,178	183,05
-0,192	182,08
-0,207	181,20
-0,221	180,28
-0,237	179,21
-0,254	178,12
-0,272	177,23
-0,289	176,07
-0,308	175,11
-0,327	173,97
-0,346	172,71
-0,366	171,84
-0,386	170,57
-0,407	169,28
-0,427	168,15
-0,448	166,95
-0,470	165,56
-0,492	164,55
-0,514	163,18
-0,537	161,71
-0,561	160,68
-0,584	159,23
-0,609	157,87
-0,633	156,64
-0,658	155,16
-0,683	153,93
-0,708	152,47
-0,735	150,99
-0,760	149,83
-0,787	148,32
-0,812	146,95
-0,839	145,69
-0,866	144,22
-0,892	142,79
-0,919	141,58
-0,946	140,08
-0,972	138,65
-0,999	137,45
-1,026	136,00
-1,052	134,63
-1,081	133,55
-1,107	132,10
-1,136	131,00
-1,162	129,67
-1,191	128,36
-1,217	127,35
-1,244	126,07
-1,269	124,80
-1,296	123,87
-1,321	122,66
-1,348	121,51
-1,373	120,65
-1,398	119,51
-1,423	118,67
-1,448	117,54
-1,472	116,61
-1,497	115,80
-1,522	114,81
-1,546	113,93
-1,569	113,19
-1,591	112,29
-1,613	111,39
-1,635	110,69
-1,657	109,96
-1,679	109,30
-1,700	108,52
-1,718	107,82
-1,739	107,21
-1,756	106,60
-1,773	105,90
-1,792	105,45
-1,810	104,80
-1,825	104,23
-1,841	103,77
-1,857	103,23
-1,871	102,86
-1,885	102,38
-1,898	101,88
-1,910	101,51
-1,923	101,06
-1,934	100,72
-1,943	100,42
-1,953	100,10
-1,960	99,78
-1,968	99,46
-1,974	99,18
-1,981	98,98
-1,987	98,70
-1,993	98,52
-1,998	98,33
-2,003	98,08
-2,006	97,89
-2,009	97,77
-2,011	97,64
-2,012	97,53
-2,012	97,41
-2,012	97,30
-2,012	97,30
-2,011	97,23
-2,009	97,23
-2,006	97,18
-2,003	97,23
-1,998	97,24
-1,993	97,24
-1,989	97,27
-1,982	97,35
-1,974	97,42
-1,967	97,50
-1,957	97,62
-1,948	97,75
-1,940	97,93
-1,929	98,06
-1,918	98,22
-1,905	98,45
-1,891	98,67
-1,877	98,88
-1,865	99,11
-1,850	99,39
-1,835	99,70
-1,821	99,94
-1,803	100,27
-1,786	100,66
-1,767	100,97
-1,750	101,31
-1,731	101,77
-1,712	102,14
-1,693	102,62
-1,673	102,94
-1,651	103,46
-1,630	103,95
-1,608	104,43
-1,587	104,99
-1,565	105,50
-1,541	106,04
-1,517	106,62
-1,492	107,11
-1,469	107,80
-1,445	108,48
-1,420	109,08
-1,395	109,79
-1,370	110,56
-1,345	111,18
-1,319	112,03
-1,294	112,89
-1,268	113,58
-1,243	114,45
-1,216	115,22
-1,188	116,18
-1,161	117,12
-1,133	117,94
-1,106	118,97
-1,079	120,04
-1,052	120,87
-1,026	121,97
-1,001	123,05
-0,972	123,95
-0,947	125,07
-0,920	126,03
-0,894	127,20
-0,867	128,46
-0,840	129,46
-0,814	130,64
-0,789	131,99
-0,763	133,05
-0,737	134,50
-0,712	135,86
-0,685	137,00
-0,660	138,46
-0,636	139,66
-0,613	141,16
-0,589	142,61
-0,565	143,86
-0,543	145,33
-0,520	146,87
-0,498	148,16
-0,476	149,66
-0,454	151,15
-0,432	152,44
-0,412	153,93
-0,391	155,43
-0,371	156,68
-0,350	158,21
-0,331	159,71
-0,313	160,95
-0,294	162,48
-0,276	164,05
-0,259	165,28
-0,242	166,74
-0,226	167,86
-0,212	169,25
-0,198	170,65
-0,184	171,80
-0,170	173,08
-0,156	174,36
-0,141	175,38
-0,129	176,62
-0,118	177,86
-0,107	178,74
-0,096	179,95
-0,085	181,12
-0,075	181,89
-0,066	182,90
-0,058	183,90
-0,050	184,67
-0,044	185,52
-0,038	186,42
-0,033	187,03
-0,027	187,79
-0,020	188,38
-0,016	188,97
-0,013	189,53
-0,009	190,00
-0,006	190,48
-0,005	190,92
-0,002	191,17
-0,002	191,65
0,000	191,86
0,000	192,06
0,000	192,28
0,000	192,43
-0,002	192,58
-0,003	192,67
-0,005	192,58
-0,008	192,58
-0,011	192,53
-0,014	192,42
-0,019	192,20
-0,025	192,01
-0,030	191,74
-0,038	191,35
-0,044	190,91
-0,052	190,56
-0,058	190,00
-0,068	189,45
-0,075	189,00
-0,085	188,45
-0,096	187,96
-0,107	187,16
-0,119	186,43
-0,132	185,92
-0,145	185,10
-0,157	184,20
-0,170	183,53
-0,184	182,66
-0,198	181,59
-0,212	180,82
-0,228	179,80
-0,245	178,70
-0,261	177,93
-0,278	176,70
-0,297	175,61
-0,316	174,64
-0,335	173,52
-0,353	172,54
-0,374	171,35
-0,394	170,06
-0,415	169,01
-0,435	167,82
-0,457	166,35
-0,479	165,37
-0,501	163,92
-0,523	162,54
-0,547	161,43
-0,570	159,95
-0,595	158,53
-0,619	157,35
-0,642	155,89
-0,668	154,42
-0,693	153,28
-0,719	151,78
-0,746	150,35
-0,771	149,11
-0,798	147,65
-0,823	146,46
-0,850	145,00
-0,877	143,55
-0,903	142,35
-0,930	140,93
-0,957	139,34
-0,983	138,26
-1,010	136,73
-1,037	135,33
-1,063	134,20
-1,092	132,84
-1,118	131,40
-1,147	130,39
-1,175	129,07
-1,202	127,74
-1,228	126,75
-1,255	125,43
-1,280	124,50
-1,307	123,30
-1,332	122,14
-1,357	121,28
-1,384	120,20
-1,409	119,07
-1,433	118,21
-1,458	117,16
-1,483	116,11
-1,508	115,35
-1,532	114,39
-1,555	113,61
-1,579	112,75
-1,601	111,84
-1,623	111,13
-1,645	110,37
-1,667	109,52
-1,687	108,88
-1,707	108,20
-1,728	107,46
-1,745	106,93
-1,764	106,24
-1,781	105,78
-1,799	105,10
-1,816	104,49
-1,833	104,03
-1,849	103,52
-1,863	102,95
-1,877	102,62
-1,891	102,06
-1,904	101,65
-1,916	101,29
-1,927	100,87
-1,937	100,56
-1,946	100,15
-1,956	99,83
-1,963	99,56
-1,971	99,25
-1,978	98,95
-1,984	98,75
-1,990	98,55
-1,995	98,32
-2,000	98,18
-2,004	97,97
-2,006	97,84
-2,009	97,65
-2,011	97,57
-2,012	97,44
-2,012	97,35
-2,012	97,30
-2,012	97,26
-2,011	97,24
-2,007	97,20
-2,004	97,20
-2,001	97,18
-1,996	97,17
-1,992	97,21
-1,985	97,28
-1,979	97,27
-1,971	97,34
-1,962	97,47
-1,954	97,56
-1,945	97,74
-1,935	97,89
-1,924	98,05
-1,912	98,30
-1,899	98,45
-1,885	98,71
-1,871	98,99
-1,857	99,18
-1,843	99,45
-1,828	99,76
-1,813	100,03
-1,795	100,34
-1,778	100,64
-1,759	101,04
-1,742	101,44
-1,723	101,75
-1,704	102,22
-1,684	102,69
-1,663	103,13
-1,641	103,63
-1,621	104,15
-1,599	104,65
-1,577	105,19
-1,554	105,75
-1,530	106,26
-1,506	106,83
-1,483	107,37
-1,458	108,02
-1,433	108,73
-1,409	109,31
-1,384	110,07
-1,359	110,82
-1,334	111,46
-1,307	112,31
-1,282	113,05
-1,255	113,91
-1,230	114,82
-1,203	115,62
-1,177	116,55
-1,148	117,60
-1,120	118,40
-1,093	119,43
-1,067	120,49
-1,040	121,31
-1,013	122,40
-0,988	123,30
-0,961	124,40
-0,935	125,60
-0,908	126,48
-0,880	127,71
-0,855	128,93
-0,828	129,93
-0,801	131,25
-0,776	132,56
-0,751	133,68
-0,724	135,16
-0,699	136,19
-0,672	137,74
-0,647	139,11
-0,624	140,38
-0,602	141,78
-0,578	143,29
-0,554	144,52
-0,533	146,07
-0,509	147,50
-0,487	148,74
-0,465	150,34
-0,443	151,93
-0,421	153,11
-0,401	154,70
-0,380	156,21
-0,361	157,49
-0,341	159,07
-0,322	160,63
-0,303	161,78
-0,284	163,28
-0,267	164,49
-0,251	165,87
-0,234	167,44
-0,220	168,52
-0,204	169,92
-0,190	171,27
-0,176	172,38
-0,162	173,81
-0,149	175,09
-0,135	176,07
-0,123	177,27
-0,112	178,44
-0,101	179,45
-0,091	180,60
-0,080	181,67
-0,071	182,46
-0,063	183,54
-0,055	184,26
-0,047	185,22
-0,041	186,02
-0,035	186,72
-0,028	187,51
-0,024	188,13
-0,019	188,68
-0,014	189,41
-0,011	189,86
-0,008	190,40
-0,005	190,85
-0,003	191,26
-0,002	191,55
0,000	191,84
0,000	192,12
0,000	192,27
0,000	192,56
0,000	192,56
-0,002	192,73
-0,005	192,72
-0,006	192,74
-0,009	192,64
-0,013	192,56
-0,017	192,47
-0,022	192,17
-0,027	191,90
-0,033	191,70
-0,039	191,21
-0,047	190,83
-0,055	190,44
-0,063	189,88
-0,071	189,45
-0,082	188,91
-0,091	188,21
-0,102	187,69
-0,113	186,99
-0,126	186,22
-0,138	185,66
-0,151	184,82
-0,163	183,95
-0,178	183,13
-0,192	182,26
-0,206	181,30
-0,221	180,53
-0,237	179,36
-0,253	178,35
-0,270	177,42
-0,289	176,31
-0,306	175,18
-0,325	174,17
-0,346	172,96
-0,364	172,10
-0,385	170,68
-0,405	169,49
-0,426	168,39
-0,448	167,20
-0,468	165,83
-0,490	164,66
-0,514	163,29
-0,536	161,78
-0,561	160,78
-0,584	159,22
-0,608	157,74
-0,633	156,62
-0,657	155,13
-0,682	153,67
-0,708	152,61
-0,734	151,02
-0,760	149,55
-0,785	148,35
-0,812	146,92
-0,837	145,77
-0,866	144,28
-0,892	142,79
-0,919	141,57
-0,944	140,05
-0,972	138,60
-0,999	137,47
-1,026	135,97
-1,052	134,54
-1,081	133,43
-1,107	132,02
-1,136	130,67
-1,162	129,59
-1,191	128,32
-1,217	127,23
-1,244	126,00
-1,269	124,76
-1,296	123,86
-1,321	122,66
-1,346	121,51
-1,373	120,63
-1,398	119,56
-1,423	118,40
-1,448	117,60
-1,472	116,59
-1,497	115,81
-1,521	114,88
-1,546	113,83
-1,569	113,14
-1,591	112,24
-1,615	111,41
-1,637	110,69
-1,657	109,91
-1,678	109,14
-1,698	108,54
-1,718	107,79
-1,737	107,30
-1,756	106,59
-1,775	105,92
-1,792	105,45
-1,810	104,87
-1,825	104,23
-1,843	103,78
-1,858	103,21
-1,872	102,71
-1,885	102,36
-1,899	101,85
-1,910	101,51
-1,923	101,05
-1,934	100,69
-1,943	100,38
-1,953	100,01
-1,960	99,70
-1,968	99,43
-1,974	99,10
-1,981	98,82
-1,987	98,65
-1,993	98,47
-1,998	98,29
-2,003	98,11
-2,006	97,93
-2,009	97,77
-2,011	97,66
-2,011	97,55
-2,012	97,50
-2,012	97,37
-2,012	97,34
-2,011	97,29
-2,009	97,27
-2,006	97,25
-2,003	97,30
-1,998	97,26
-1,993	97,29
-1,989	97,35
-1,981	97,44
-1,974	97,50
-1,967	97,58
-1,957	97,70
-1,948	97,82
-1,938	97,99
-1,929	98,16
-1,916	98,36
-1,904	98,58
-1,891	98,81
-1,877	99,02
-1,863	99,35
-1,849	99,57
-1,835	99,87
-1,819	100,17
-1,802	100,46
-1,784	100,78
-1,767	101,09
-1,748	101,51
-1,729	101,88
-1,711	102,23
-1,692	102,71
-1,671	103,22
-1,649	103,58
-1,629	104,13
-1,607	104,56
-1,585	105,12
-1,561	105,65
-1,538	106,16
-1,514	106,78
-1,491	107,41
-1,467	107,93
-1,444	108,61
-1,418	109,32
-1,393	109,96
-1,368	110,67
-1,341	111,33
-1,316	112,16
-1,291	112,99
-1,266	113,72
-1,239	114,60
-1,213	115,54
-1,186	116,32
-1,158	117,30
-1,131	118,30
-1,104	119,15
-1,076	120,20
-1,049	121,07
-1,024	122,12
-0,997	123,23
-0,971	124,11
-0,944	125,23
-0,917	126,44
-0,891	127,38
-0,864	128,57
-0,837	129,87
-0,811	130,85
-0,785	132,22
-0,760	133,32
-0,734	134,71
-0,707	136,13
-0,682	137,31
-0,657	138,68
-0,633	140,18
-0,609	141,36
-0,586	142,91
-0,564	144,45
-0,540	145,61
-0,517	147,17
-0,495	148,69
-0,473	149,83
-0,451	151,40
-0,430	153,01
-0,408	154,22
-0,388	155,67
-0,368	156,91
-0,347	158,51
-0,328	160,10
-0,309	161,30
-0,291	162,76
-0,273	164,33
-0,258	165,54
-0,240	167,02
-0,225	168,48
-0,209	169,53
-0,195	170,93
-0,181	172,30
-0,167	173,45
-0,154	174,70
-0,140	176,04
-0,127	176,92
-0,116	178,18
-0,105	179,38
-0,094	180,23
-0,085	181,42
-0,075	182,15
-0,066	183,20
-0,057	184,07
-0,050	184,95
-0,044	185,77
-0,038	186,63
-0,031	187,25
-0,025	187,97
-0,020	188,68
-0,016	189,20
-0,013	189,70
-0,009	190,28
-0,006	190,66
-0,003	191,05
-0,002	191,47
0,000	191,76
0,000	192,03
0,000	192,27
0,000	192,44
0,000	192,61
-0,002	192,72
-0,003	192,73
-0,005	192,70
-0,008	192,61
-0,011	192,54
-0,016	192,41
-0,020	192,30
-0,025	192,01
-0,031	191,74
-0,038	191,47
-0,046	191,07
-0,052	190,60
-0,060	190,10
-0,068	189,57
-0,077	189,13
-0,086	188,40
-0,097	187,83
-0,110	187,22
-0,121	186,51
-0,134	185,79
-0,146	185,12
-0,159	184,34
-0,171	183,38
-0,185	182,65
-0,201	181,64
-0,215	180,88
-0,231	179,82
-0,247	178,78
-0,264	177,84
-0,283	176,81
-0,300	175,65
-0,319	174,73
-0,338	173,48
-0,357	172,31
-0,377	171,30
-0,397	170,12
-0,418	168,69
-0,440	167,81
-0,460	166,27
-0,482	165,03
-0,504	163,94
-0,528	162,58
-0,551	161,17
-0,575	159,93
-0,598	158,55
-0,624	157,37
-0,647	155,86
-0,672	154,34
-0,699	153,20
-0,724	151,68
-0,751	150,26
-0,776	149,07
-0,803	147,67
-0,828	146,21
-0,855	145,02
-0,881	143,54
-0,908	142,02
-0,935	140,81
-0,961	139,34
-0,988	137,96
-1,015	136,73
-1,043	135,23
-1,070	133,87
-1,096	132,81
-1,125	131,29
-1,151	130,27
-1,180	128,98
-1,206	127,70
-1,233	126,72
-1,260	125,40
-1,286	124,22
-1,312	123,33
-1,337	122,12
-1,363	121,19
-1,389	120,02
-1,414	118,99
-1,439	118,09
-1,464	117,07
-1,489	116,01
-1,513	115,18
-1,536	114,27
-1,560	113,31
-1,583	112,65
-1,605	111,71
-1,627	111,07
-1,649	110,25
-1,671	109,46
-1,692	108,85
-1,711	108,09
-1,731	107,41
-1,750	106,88
-1,767	106,15
-1,786	105,69
-1,803	105,04
-1,821	104,49
-1,836	104,04
-1,852	103,43
-1,866	102,93
-1,880	102,51
-1,894	102,07
-1,905	101,61
-1,918	101,24
-1,929	100,85
-1,938	100,58
-1,949	100,22
-1,959	99,88
-1,967	99,62
-1,973	99,32
-1,979	99,01
-1,985	98,87
-1,992	98,65
-1,996	98,43
-2,001	98,29
-2,004	98,06
-2,007	97,97
-2,009	97,83
-2,011	97,68
-2,012	97,60
-2,012	97,54
-2,012	97,41
-2,012	97,38
-2,011	97,31
-2,007	97,31
-2,004	97,31
-2,000	97,30
-1,995	97,29
-1,990	97,34
-1,984	97,43
-1,978	97,46
-1,970	97,58
-1,960	97,67
-1,951	97,76
-1,942	97,94
-1,932	98,08
-1,921	98,26
-1,909	98,49
-1,896	98,64
-1,882	98,90
-1,868	99,14
-1,854	99,40
-1,839	99,71
-1,824	100,00
-1,808	100,25
-1,791	100,64
-1,773	100,98
-1,755	101,26
-1,737	101,66
-1,718	102,00
-1,698	102,45
-1,678	102,93
-1,657	103,31
-1,637	103,81
-1,615	104,35
-1,593	104,79
-1,571	105,37
-1,547	105,86
-1,524	106,45
-1,500	107,10
-1,477	107,58
-1,451	108,27
-1,426	109,01
-1,401	109,56
-1,376	110,39
-1,351	110,97
-1,326	111,75
-1,301	112,63
-1,275	113,28
-1,249	114,21
-1,222	115,13
-1,195	115,87
-1,167	116,88
-1,140	117,85
-1,112	118,68
-1,085	119,70
-1,059	120,60
-1,032	121,67
-1,007	122,81
-0,980	123,65
-0,953	124,78
-0,925	125,94
-0,898	126,87
-0,872	128,14
-0,845	129,39
-0,820	130,37
-0,795	131,66
-0,768	132,72
-0,743	134,13
-0,716	135,54
-0,690	136,66
-0,664	138,17
-0,641	139,61
-0,617	140,84
-0,594	142,28
-0,572	143,79
-0,548	144,98
-0,525	146,51
-0,503	148,03
-0,479	149,20
-0,459	150,66
-0,437	152,28
-0,415	153,56
-0,394	155,14
-0,374	156,60
-0,355	157,88
-0,335	159,42
-0,316	160,90
-0,297	162,16
-0,280	163,59
-0,262	164,76
-0,245	166,29
-0,229	167,75
-0,214	168,84
-0,201	170,24
-0,185	171,60
-0,171	172,79
-0,157	174,18
-0,145	175,40
-0,132	176,34
-0,119	177,61
-0,108	178,82
-0,099	179,70
-0,088	180,79
-0,077	181,64
-0,068	182,67
-0,058	183,64
-0,052	184,45
-0,046	185,25
-0,039	186,16
-0,033	186,80
-0,027	187,58
-0,022	188,19
-0,017	188,72
-0,013	189,37
-0,009	189,81
-0,006	190,20
-0,005	190,67
-0,003	191,14
-0,002	191,40
0,000	191,75
0,000	191,90
0,000	192,20
0,000	192,40
0,000	192,43
-0,002	192,43
-0,005	192,47
-0,008	192,48
-0,011	192,39
-0,014	192,24
-0,019	192,11
-0,024	191,88
-0,030	191,58
-0,036	191,28
-0,042	190,82
-0,050	190,41
-0,058	190,04
-0,066	189,50
-0,074	189,11
-0,083	188,47
-0,094	187,80
-0,105	187,28
-0,118	186,54
-0,130	185,76
-0,143	185,08
-0,156	184,25
-0,168	183,33
-0,182	182,61
-0,196	181,68
-0,210	180,73
-0,226	179,88
-0,242	178,82
-0,259	177,78
-0,276	176,82
-0,295	175,67
-0,313	174,80
-0,331	173,56
-0,350	172,43
-0,371	171,41
-0,391	170,18
-0,413	168,95
-0,434	167,86
-0,454	166,58
-0,476	165,23
-0,498	164,16
-0,520	162,78
-0,543	161,26
-0,569	160,20
-0,592	158,81
-0,616	157,35
-0,639	156,18
-0,664	154,70
-0,690	153,46
-0,716	152,06
-0,741	150,56
-0,768	149,39
-0,793	147,92
-0,820	146,43
-0,847	145,33
-0,873	143,82
-0,900	142,38
-0,927	141,18
-0,953	139,66
-0,980	138,28
-1,007	137,11
-1,034	135,73
-1,060	134,18
-1,087	133,06
-1,115	131,66
-1,144	130,33
-1,170	129,33
-1,199	127,93
-1,225	126,88
-1,252	125,65
-1,277	124,49
-1,304	123,55
-1,329	122,32
-1,356	121,19
-1,381	120,27
-1,406	119,19
-1,429	118,31
-1,455	117,30
-1,480	116,26
-1,505	115,50
-1,528	114,53
-1,552	113,56
-1,576	112,86
-1,598	111,96
-1,619	111,07
-1,641	110,45
-1,663	109,66
-1,684	109,00
-1,704	108,21
-1,725	107,50
-1,744	106,94
-1,761	106,27
-1,780	105,59
-1,797	105,10
-1,814	104,49
-1,830	103,97
-1,846	103,50
-1,861	102,95
-1,876	102,54
-1,890	102,10
-1,902	101,62
-1,913	101,26
-1,924	100,84
-1,935	100,45
-1,946	100,12
-1,954	99,83
-1,963	99,55
-1,970	99,24
-1,978	98,96
-1,984	98,72
-1,989	98,55
-1,995	98,30
-2,000	98,14
-2,004	97,90
-2,007	97,73
-2,009	97,59
-2,011	97,48
-2,011	97,33
-2,012	97,29
-2,012	97,20
-2,012	97,18
-2,011	97,17
-2,009	97,21
-2,006	97,20
-2,001	97,19
-1,998	97,23
-1,992	97,24
-1,987	97,29
-1,979	97,35
-1,971	97,41
-1,963	97,52
-1,954	97,59
-1,946	97,70
-1,935	97,87
-1,926	98,07
-1,913	98,25
-1,901	98,52
-1,888	98,65
-1,874	98,99
-1,860	99,25
-1,846	99,48
-1,830	99,81
-1,816	100,09
-1,799	100,42
-1,781	100,82
-1,762	101,11
-1,745	101,51
-1,726	101,92
-1,706	102,28
-1,687	102,71
-1,667	103,19
-1,645	103,62
-1,624	104,18
-1,602	104,60
-1,580	105,16
-1,558	105,74
-1,535	106,26
-1,511	106,85
-1,486	107,50
-1,461	108,08
-1,437	108,75
-1,412	109,48
-1,389	110,08
-1,363	110,83
-1,338	111,49
-1,312	112,28
-1,286	113,12
-1,260	113,84
-1,233	114,77
-1,208	115,72
-1,181	116,47
-1,153	117,47
-1,126	118,45
-1,100	119,32
-1,071	120,37
-1,045	121,23
-1,018	122,32
-0,991	123,45
-0,966	124,33
-0,939	125,46
-0,913	126,63
-0,886	127,57
-0,859	128,77
-0,833	130,07
-0,806	131,04
-0,781	132,39
-0,756	133,45
-0,729	134,93
-0,704	136,36
-0,677	137,50
-0,653	138,96
-0,628	140,49
-0,605	141,59
-0,583	143,12
-0,559	144,63
-0,536	145,78
-0,514	147,31
-0,490	148,90
-0,468	150,08
-0,448	151,63
-0,426	153,14
-0,405	154,37
-0,385	155,94
-0,364	157,47
-0,346	158,65
-0,325	160,27
-0,306	161,42
-0,289	163,05
-0,270	164,49
-0,254	165,64
-0,237	167,09
-0,221	168,56
-0,207	169,63
-0,193	171,08
-0,179	172,35
-0,165	173,38
-0,151	174,77
-0,138	176,04
-0,126	177,09
-0,115	178,28
-0,104	179,48
-0,093	180,42
-0,083	181,34
-0,072	182,29
-0,064	183,22
-0,057	184,22
-0,049	184,88
-0,042	185,81
-0,036	186,59
-0,030	187,08
-0,025	187,83
-0,019	188,47
-0,016	189,06
-0,011	189,60
-0,008	190,19
-0,006	190,50
-0,003	190,99
-0,002	191,43
0,000	191,70
0,000	192,06
0,000	192,16
0,000	192,47
0,000	192,58
-0,002	192,60
-0,003	192,69
-0,005	192,61
-0,008	192,54
-0,013	192,43
-0,016	192,31
-0,020	192,14
-0,025	191,84
-0,031	191,46
-0,039	191,14
-0,046	190,80
-0,053	190,37
-0,061	189,91
-0,069	189,35
-0,077	188,89
-0,088	188,32
-0,099	187,62
-0,112	187,11
-0,124	186,37
-0,135	185,60
-0,148	184,96
-0,160	184,03
-0,173	183,13
-0,187	182,31
-0,201	181,42
-0,217	180,37
-0,232	179,49
-0,250	178,39
-0,265	177,58
-0,283	176,50
-0,302	175,33
-0,320	174,38
-0,339	173,14
-0,358	171,96
-0,379	170,95
-0,399	169,75
-0,419	168,46
-0,441	167,38
-0,463	166,00
-0,484	164,66
-0,507	163,57
-0,529	162,20
-0,553	160,75
-0,576	159,62
-0,600	158,13
-0,624	156,97
-0,649	155,48
-0,674	154,01
-0,701	152,96
-0,726	151,40
-0,752	149,97
-0,778	148,76
-0,803	147,32
-0,829	145,81
-0,856	144,68
-0,883	143,13
-0,909	141,70
-0,936	140,52
-0,963	138,98
-0,990	137,57
-1,016	136,42
-1,043	134,94
-1,071	133,57
-1,098	132,47
-1,126	131,05
-1,153	129,88
-1,181	128,68
-1,208	127,39
-1,235	126,39
-1,261	125,14
-1,286	123,89
-1,313	122,92
-1,338	121,73
-1,363	120,68
-1,389	119,74
-1,414	118,64
-1,439	117,80
-1,464	116,74
-1,489	115,76
-1,513	115,00
-1,536	114,00
-1,560	113,09
-1,583	112,38
-1,605	111,53
-1,627	110,79
-1,651	110,01
-1,671	109,28
-1,692	108,64
-1,712	107,88
-1,731	107,18
-1,750	106,65
-1,769	105,98
-1,786	105,33
-1,803	104,92
-1,821	104,34
-1,836	103,73
-1,852	103,32
-1,866	102,77
-1,880	102,37
-1,894	101,96
-1,907	101,45
-1,918	101,08
-1,929	100,69
-1,938	100,37
-1,948	100,05
-1,957	99,70
-1,965	99,44
-1,973	99,17
-1,979	98,88
-1,985	98,71
-1,992	98,47
-1,996	98,26
-2,001	98,13
-2,004	97,93
-2,007	97,78
-2,009	97,65
-2,011	97,50
-2,012	97,45
-2,012	97,34
-2,012	97,27
-2,012	97,23
-2,011	97,27
-2,007	97,23
-2,004	97,26
-2,000	97,26
-1,995	97,29
-1,990	97,34
-1,984	97,37
-1,978	97,46
-1,970	97,54
-1,960	97,62
-1,953	97,69
-1,942	97,87
-1,932	98,01
-1,921	98,22
-1,909	98,41
-1,896	98,65
-1,883	98,86
-1,869	99,13
-1,855	99,40
-1,841	99,70
-1,825	99,98
-1,810	100,25
-1,792	100,66
-1,775	101,04
-1,756	101,31
-1,737	101,72
-1,718	102,05
-1,700	102,51
-1,679	102,99
-1,659	103,35
-1,638	103,86
-1,616	104,42
-1,594	104,84
-1,572	105,39
-1,549	105,98
-1,527	106,46
-1,503	107,09
-1,478	107,60
-1,455	108,29
-1,429	108,99
-1,404	109,58
-1,379	110,35
-1,354	111,07
-1,329	111,76
-1,302	112,55
-1,277	113,43
-1,252	114,18
-1,225	115,08
-1,199	115,82
-1,172	116,81
-1,144	117,82
-1,117	118,60
-1,089	119,73
-1,062	120,72
-1,037	121,64
-1,010	122,69
-0,983	123,82
-0,957	124,75
-0,930	125,85
-0,903	126,81
-0,877	128,00
-0,850	129,24
-0,823	130,26
-0,798	131,56
-0,773	132,89
-0,746	133,99
-0,721	135,43
-0,694	136,84
-0,669	138,01
-0,646	139,46
-0,622	140,65
-0,598	142,12
-0,575	143,64
-0,551	144,82
-0,528	146,34
-0,506	147,85
-0,484	149,01
-0,462	150,54
-0,441	152,18
-0,419	153,37
-0,399	154,96
-0,379	156,44
-0,358	157,73
-0,339	159,31
-0,319	160,81
-0,302	161,99
-0,283	163,48
-0,265	164,64
-0,250	166,11
-0,232	167,56
-0,217	168,81
-0,203	170,11
-0,188	171,50
-0,174	172,60
-0,160	173,91
-0,148	175,27
-0,134	176,28
-0,123	177,46
-0,112	178,61
-0,101	179,55
-0,090	180,63
-0,080	181,71
-0,069	182,49
-0,061	183,61
-0,053	184,47
-0,047	185,20
-0,041	186,07
-0,035	186,77
-0,028	187,53
-0,024	188,15
-0,019	188,69
-0,014	189,36
-0,011	189,84
-0,008	190,35
-0,005	190,80
-0,003	191,17
-0,002	191,49
0,000	191,86
0,000	192,08
0,000	192,29
0,000	192,42
0,000	192,52
-0,002	192,62
-0,003	192,71
-0,006	192,72
-0,009	192,59
-0,013	192,50
-0,017	192,32
-0,022	192,17
-0,028	191,84
-0,035	191,65
-0,041	191,13
-0,047	190,82
-0,055	190,35
-0,063	189,94
-0,071	189,42
-0,082	188,83
-0,091	188,12
-0,102	187,69
-0,115	186,93
-0,126	186,15
-0,138	185,63
-0,151	184,78
-0,163	183,88
-0,178	183,20
-0,192	182,12
-0,206	181,19
-0,221	180,41
-0,237	179,29
-0,253	178,27
-0,270	177,44
-0,289	176,30
-0,306	175,16
-0,325	174,28
-0,344	172,95
-0,364	172,02
-0,385	170,79
-0,405	169,51
-0,426	168,46
-0,448	167,21
-0,468	165,76
-0,490	164,70
-0,512	163,31
-0,536	161,88
-0,559	160,73
-0,583	159,27
-0,608	157,82
-0,631	156,66
-0,655	155,25
-0,680	153,72
-0,707	152,65
-0,734	151,11
-0,759	149,61
-0,785	148,45
-0,811	147,04
-0,837	145,60
-0,862	144,40
-0,891	142,91
-0,917	141,75
-0,944	140,28
-0,971	138,78
-0,997	137,72
-1,024	136,15
-1,051	134,73
-1,079	133,58
-1,106	132,20
-1,134	130,84
-1,161	129,77
-1,189	128,47
-1,216	127,11
-1,243	126,14
-1,268	124,90
-1,294	124,00
-1,319	122,78
-1,345	121,57
-1,371	120,71
-1,396	119,66
-1,422	118,56
-1,447	117,66
-1,470	116,63
-1,495	115,83
-1,519	114,86
-1,543	113,92
-1,566	113,24
-1,590	112,33
-1,612	111,48
-1,635	110,74
-1,656	109,95
-1,678	109,18
-1,696	108,58
-1,717	107,81
-1,736	107,25
-1,755	106,50
-1,773	105,86
-1,791	105,39
-1,808	104,80
-1,824	104,14
-1,841	103,74
-1,855	103,22
-1,871	102,68
-1,883	102,29
-1,898	101,85
-1,910	101,48
-1,921	101,04
-1,932	100,64
-1,942	100,36
-1,951	99,98
-1,960	99,67
-1,968	99,40
-1,974	99,10
-1,981	98,81
-1,987	98,65
-1,993	98,43
-1,998	98,25
-2,003	98,08
-2,006	97,92
-2,009	97,75
-2,011	97,62
-2,011	97,50
-2,012	97,41
-2,012	97,37
-2,012	97,30
-2,011	97,25
-2,009	97,21
-2,006	97,23
-2,003	97,24
-1,998	97,24
-1,995	97,25
-1,989	97,27
-1,982	97,27
-1,974	97,34
-1,967	97,44
-1,959	97,55
-1,949	97,64
-1,940	97,83
-1,929	97,96
-1,918	98,21
-1,905	98,41
-1,893	98,59
-1,879	98,84
-1,865	99,11
-1,850	99,34
-1,836	99,64
-1,821	99,87
-1,805	100,22
-1,788	100,52
-1,770	100,84
-1,751	101,22
-1,733	101,60
-1,714	101,96
-1,693	102,39
-1,673	102,87
-1,652	103,28
-1,632	103,80
-1,612	104,24
-1,588	104,75
-1,566	105,37
-1,543	105,82
-1,519	106,44
-1,495	107,08
-1,472	107,63
-1,447	108,30
-1,422	109,02
-1,396	109,61
-1,371	110,34
-1,346	110,98
-1,321	111,83
-1,296	112,61
-1,269	113,34
-1,244	114,21
-1,217	115,18
-1,191	115,93
-1,164	116,92
-1,136	117,94
-1,109	118,75
-1,081	119,76
-1,054	120,64
-1,027	121,78
-1,002	122,85
-0,975	123,72
-0,949	124,88
-0,922	126,05
-0,895	127,00
-0,869	128,23
-0,842	129,23
-0,815	130,47
-0,790	131,78
-0,765	132,81
-0,738	134,23
-0,713	135,66
-0,686	136,81
-0,661	138,21
-0,638	139,76
-0,614	140,93
-0,591	142,45
-0,569	143,93
-0,545	145,13
-0,522	146,65
-0,498	148,25
-0,476	149,44
-0,456	150,91
-0,434	152,45
-0,413	153,69
-0,393	155,17
-0,372	156,44
-0,352	158,03
-0,333	159,56
-0,314	160,80
-0,295	162,36
-0,278	163,89
-0,261	165,05
-0,243	166,53
-0,228	168,00
-0,212	169,14
-0,198	170,51
-0,184	171,82
-0,170	172,92
-0,157	174,18
-0,143	175,46
-0,130	176,45
-0,119	177,73
-0,108	178,62
-0,097	179,81
-0,086	180,91
-0,075	181,77
-0,066	182,71
-0,058	183,80
-0,050	184,53
-0,044	185,46
-0,039	186,19
-0,033	186,83
-0,027	187,59
-0,022	188,22
-0,016	188,84
-0,013	189,36
-0,009	189,91
-0,006	190,33
-0,005	190,85
-0,003	191,15
-0,002	191,52
0,000	191,87
0,000	192,08
0,000	192,27
0,000	192,43
-0,002	192,49
-0,002	192,59
-0,005	192,59
-0,008	192,50
-0,011	192,50
-0,014	192,31
-0,019	192,14
-0,024	191,94
-0,030	191,66
-0,036	191,41
-0,044	191,00
-0,050	190,56
-0,058	190,08
-0,066	189,52
-0,075	189,15
-0,085	188,43
-0,096	187,87
-0,107	187,27
-0,119	186,59
-0,130	185,86
-0,143	185,19
-0,156	184,32
-0,168	183,41
-0,182	182,62
-0,196	181,70
-0,212	180,82
-0,228	179,80
-0,243	178,78
-0,261	177,84
-0,278	176,76
-0,297	175,57
-0,314	174,75
-0,333	173,49
-0,352	172,31
-0,372	171,20
-0,393	170,05
-0,413	168,69
-0,435	167,71
-0,456	166,36
-0,478	165,00
-0,500	163,92
-0,522	162,50
-0,545	161,44
-0,570	159,97
-0,594	158,57
-0,617	157,34
-0,642	155,90
-0,666	154,38
-0,691	153,28
-0,718	151,73
-0,743	150,33
-0,770	149,10
-0,796	147,62
-0,822	146,25
-0,848	144,99
-0,875	143,51
-0,902	142,05
-0,928	140,89
-0,955	139,41
-0,982	138,03
-1,010	136,80
-1,037	135,34
-1,063	133,90
-1,090	132,77
-1,118	131,41
-1,145	130,36
-1,173	129,08
-1,200	127,67
-1,227	126,72
-1,253	125,47
-1,280	124,17
-1,305	123,28
-1,332	122,06
-1,357	121,18
-1,382	120,00
-1,407	118,96
-1,433	118,08
-1,458	117,04
-1,483	116,07
-1,506	115,27
-1,530	114,35
-1,554	113,58
-1,577	112,72
-1,601	111,80
-1,623	111,12
-1,645	110,27
-1,665	109,54
-1,685	108,88
-1,706	108,12
-1,726	107,41
-1,745	106,88
-1,764	106,22
-1,781	105,69
-1,799	105,06
-1,816	104,51
-1,832	103,99
-1,847	103,48
-1,861	102,92
-1,877	102,51
-1,890	102,04
-1,902	101,63
-1,915	101,26
-1,926	100,83
-1,937	100,55
-1,946	100,20
-1,956	99,85
-1,963	99,59
-1,971	99,22
-1,978	98,96
-1,984	98,78
-1,990	98,59
-1,995	98,37
-2,000	98,18
-2,004	97,98
-2,007	97,85
-2,009	97,71
-2,011	97,57
-2,012	97,50
-2,012	97,37
-2,012	97,34
-2,012	97,29
-2,011	97,27
-2,007	97,23
-2,004	97,25
-2,001	97,29
-1,996	97,31
-1,992	97,33
-1,987	97,37
-1,979	97,48
-1,971	97,53
-1,963	97,65
-1,954	97,70
-1,945	97,86
-1,935	98,06
-1,924	98,14
-1,913	98,36
-1,899	98,58
-1,885	98,80
-1,872	99,06
-1,858	99,29
-1,844	99,58
-1,830	99,93
-1,814	100,18
-1,797	100,56
-1,778	100,84
-1,761	101,22
-1,742	101,61
-1,723	101,95
-1,704	102,40
-1,684	102,85
-1,663	103,22
-1,643	103,74
-1,621	104,23
-1,601	104,65
-1,577	105,22
-1,555	105,70
-1,532	106,25
-1,508	106,85
-1,484	107,37
-1,459	108,07
-1,436	108,80
-1,411	109,37
-1,385	110,14
-1,360	110,92
-1,335	111,55
-1,308	112,36
-1,283	113,04
-1,258	113,94
-1,232	114,87
-1,205	115,63
-1,178	116,56
-1,150	117,54
-1,123	118,34
-1,095	119,40
-1,068	120,48
-1,041	121,36
-1,016	122,45
-0,990	123,30
-0,963	124,41
-0,936	125,57
-0,909	126,48
-0,883	127,69
-0,856	128,90
-0,829	129,97
-0,804	131,23
-0,779	132,27
-0,752	133,65
-0,726	135,05
-0,701	136,11
-0,674	137,65
-0,650	139,06
-0,627	140,34
-0,603	141,73
-0,580	143,33
-0,558	144,43
-0,534	146,00
-0,511	147,56
-0,489	148,79
-0,467	150,23
-0,445	151,79
-0,424	153,02
-0,402	154,58
-0,383	156,10
-0,363	157,34
-0,342	158,90
-0,324	160,07
-0,305	161,57
-0,287	163,08
-0,270	164,26
-0,251	165,80
-0,236	167,25
-0,220	168,42
-0,206	169,79
-0,192	171,14
-0,178	172,24
-0,163	173,62
-0,151	174,91
-0,137	175,84
-0,124	177,20
-0,113	178,32
-0,102	179,32
-0,091	180,27
-0,082	181,42
-0,071	182,26
-0,063	183,28
-0,055	184,05
-0,049	184,94
-0,042	185,84
-0,036	186,55
-0,030	187,27
-0,024	187,98
-0,019	188,50
-0,014	189,09
-0,011	189,69
-0,008	190,08
-0,006	190,60
-0,003	191,02
-0,002	191,32
0,000	191,73
0,000	191,93
0,000	192,17
0,000	192,42
0,000	192,49
-0,002	192,58
-0,003	192,64
-0,006	192,58
-0,008	192,61
-0,013	192,41
-0,017	192,34
-0,020	192,05
-0,027	191,80
-0,033	191,61
-0,039	191,14
-0,047	190,71
-0,055	190,30
-0,063	189,87
-0,071	189,36
-0,080	188,79
-0,090	188,20
-0,101	187,64
-0,112	187,00
-0,124	186,24
-0,137	185,67
-0,149	184,74
-0,162	183,95
-0,174	183,16
-0,188	182,32
-0,203	181,29
-0,218	180,46
-0,234	179,44
-0,251	178,40
-0,269	177,50
-0,286	176,42
-0,305	175,50
-0,322	174,28
-0,342	173,16
-0,361	172,13
-0,382	170,79
-0,402	169,70
-0,423	168,43
-0,445	167,25
-0,465	165,89
-0,487	164,72
-0,511	163,35
-0,533	161,91
-0,556	160,88
-0,580	159,38
-0,605	157,96
-0,628	156,77
-0,653	155,39
-0,677	153,81
-0,704	152,70
-0,729	151,20
-0,756	149,67
-0,781	148,58
-0,807	147,00
-0,834	145,85
-0,861	144,41
-0,888	142,95
-0,914	141,75
-0,941	140,29
-0,968	138,77
-0,994	137,59
-1,021	136,19
-1,048	134,70
-1,076	133,58
-1,103	132,24
-1,131	130,88
-1,158	129,74
-1,186	128,48
-1,213	127,44
-1,239	126,18
-1,264	124,97
-1,291	124,04
-1,316	122,79
-1,343	121,67
-1,368	120,72
-1,393	119,59
-1,418	118,49
-1,444	117,66
-1,469	116,61
-1,494	115,84
-1,517	114,81
-1,541	113,88
-1,565	113,13
-1,588	112,29
-1,610	111,44
-1,632	110,75
-1,654	109,97
-1,674	109,29
-1,695	108,55
-1,715	107,86
-1,734	107,30
-1,753	106,58
-1,772	105,94
-1,789	105,42
-1,806	104,86
-1,824	104,24
-1,839	103,80
-1,854	103,25
-1,868	102,85
-1,882	102,36
-1,896	101,85
-1,909	101,48
-1,920	101,04
-1,931	100,63
-1,942	100,34
-1,951	100,02
-1,959	99,64
-1,967	99,37
-1,974	99,10
-1,981	98,91
-1,987	98,64
-1,993	98,43
-1,998	98,26
-2,003	98,06
-2,006	97,88
-2,007	97,74
-2,011	97,56
-2,011	97,46
-2,012	97,35
-2,012	97,26
-2,012	97,21
-2,012	97,18
-2,009	97,19
-2,006	97,16
-2,003	97,14
-2,000	97,20
-1,995	97,21
-1,990	97,26
-1,984	97,28
-1,976	97,35
-1,968	97,46
-1,959	97,56
-1,951	97,72
-1,942	97,91
-1,931	98,08
-1,920	98,28
-1,907	98,52
-1,893	98,74
-1,879	98,97
-1,866	99,22
-1,852	99,48
-1,838	99,76
-1,822	99,98
-1,806	100,28
-1,789	100,62
-1,770	100,93
-1,753	101,25
-1,734	101,67
-1,715	101,97
-1,696	102,46
-1,676	102,82
-1,654	103,35
-1,634	103,89
-1,612	104,34
-1,590	104,84
-1,568	105,45
-1,544	105,91
-1,521	106,52
-1,497	107,15
-1,473	107,68
-1,448	108,33
-1,423	108,94
-1,400	109,65
-1,374	110,41
-1,349	111,00
-1,323	111,84
-1,297	112,68
-1,271	113,39
-1,246	114,30
-1,219	115,25
-1,192	116,00
-1,166	116,97
-1,137	117,78
-1,111	118,79
-1,082	119,86
-1,056	120,70
-1,030	121,81
-1,004	122,91
-0,977	123,82
-0,950	124,91
-0,924	125,84
-0,897	126,98
-0,870	128,18
-0,844	129,21
-0,817	130,50
-0,792	131,77
-0,767	132,85
-0,741	134,23
-0,715	135,66
-0,688	136,79
-0,663	138,17
-0,639	139,70
-0,616	140,92
-0,592	142,39
-0,569	143,57
-0,547	145,12
-0,523	146,65
-0,500	147,89
-0,478	149,39
-0,456	150,90
-0,435	152,18
-0,415	153,75
-0,393	155,24
-0,374	156,50
-0,353	158,06
-0,335	159,54
-0,314	160,82
-0,297	162,31
-0,278	163,86
-0,261	164,98
-0,245	166,45
-0,228	167,89
-0,214	169,06
-0,199	170,47
-0,185	171,61
-0,171	172,88
-0,157	174,26
-0,145	175,28
-0,132	176,50
-0,119	177,74
-0,108	178,68
-0,097	179,79
-0,086	180,80
-0,077	181,80
-0,068	182,74
-0,058	183,81
-0,052	184,51
-0,044	185,35
-0,039	186,11
-0,033	186,89
-0,027	187,58
-0,022	188,13
-0,017	188,73
-0,013	189,32
-0,009	189,74
-0,006	190,27
-0,005	190,73
-0,002	191,14
-0,002	191,43
0,000	191,83
0,000	191,96
0,000	192,27
0,000	192,40
0,000	192,45
-0,002	192,60
-0,005	192,50
-0,008	192,43
-0,011	192,35
-0,014	192,26
-0,019	192,11
-0,024	191,74
-0,030	191,58
-0,036	191,21
-0,042	190,91
-0,050	190,56
-0,058	190,08
-0,066	189,50
-0,075	189,10
-0,085	188,44
-0,094	187,84
-0,107	187,35
-0,118	186,56
-0,130	185,88
-0,143	185,13
-0,156	184,28
-0,168	183,63
-0,182	182,62
-0,196	181,70
-0,210	180,82
-0,226	179,80
-0,243	178,79
-0,259	178,03
-0,276	176,83
-0,295	175,72
-0,313	174,77
-0,331	173,59
-0,352	172,32
-0,371	171,38
-0,391	170,13
-0,413	169,06
-0,434	167,76
-0,454	166,41
-0,476	165,39
-0,498	164,01
-0,522	162,58
-0,543	161,36
-0,567	160,00
-0,592	158,58
-0,616	157,42
-0,641	155,98
-0,664	154,49
-0,690	153,28
-0,716	151,85
-0,741	150,41
-0,768	149,21
-0,795	147,76
-0,820	146,28
-0,847	145,17
-0,873	143,66
-0,900	142,22
-0,927	140,95
-0,953	139,49
-0,980	138,38
-1,007	136,95
-1,035	135,48
-1,062	134,29
-1,089	132,95
-1,117	131,57
-1,144	130,49
-1,172	129,14
-1,199	127,87
-1,225	126,87
-1,252	125,57
-1,279	124,41
-1,304	123,49
-1,330	122,23
-1,356	121,25
-1,381	120,17
-1,406	119,09
-1,431	118,23
-1,456	117,16
-1,480	116,16
-1,503	115,41
-1,528	114,47
-1,552	113,71
-1,576	112,82
-1,599	111,91
-1,621	111,25
-1,643	110,43
-1,663	109,66
-1,684	109,02
-1,704	108,31
-1,725	107,55
-1,744	107,05
-1,762	106,33
-1,780	105,67
-1,797	105,24
-1,814	104,60
-1,830	104,15
-1,846	103,60
-1,861	103,13
-1,876	102,65
-1,890	102,15
-1,902	101,69
-1,913	101,36
-1,924	100,95
-1,935	100,62
-1,946	100,25
-1,956	99,94
-1,963	99,68
-1,971	99,34
-1,978	99,06
-1,984	98,85
-1,990	98,61
-1,995	98,40
-2,000	98,22
-2,004	98,05
-2,007	97,97
-2,009	97,79
-2,011	97,67
-2,012	97,61
-2,012	97,51
-2,012	97,44
-2,012	97,39
-2,011	97,35
-2,007	97,30
-2,004	97,26
-2,001	97,26
-1,998	97,28
-1,992	97,30
-1,985	97,36
-1,979	97,41
-1,973	97,48
-1,963	97,60
-1,954	97,72
-1,946	97,86
-1,935	98,07
-1,924	98,23
-1,913	98,43
-1,901	98,64
-1,887	98,87
-1,872	99,15
-1,858	99,38
-1,844	99,65
-1,830	99,95
-1,814	100,21
-1,797	100,50
-1,780	100,87
-1,762	101,14
-1,744	101,49
-1,725	101,85
-1,706	102,29
-1,685	102,72
-1,665	103,14
-1,645	103,63
-1,623	104,15
-1,602	104,57
-1,579	105,15
-1,557	105,61
-1,533	106,22
-1,510	106,80
-1,486	107,33
-1,461	108,00
-1,436	108,68
-1,412	109,25
-1,387	109,97
-1,360	110,80
-1,335	111,40
-1,310	112,27
-1,285	112,93
-1,258	113,80
-1,233	114,71
-1,206	115,44
-1,178	116,40
-1,151	117,44
-1,123	118,21
-1,096	119,24
-1,070	120,31
-1,043	121,17
-1,016	122,24
-0,991	123,12
-0,964	124,28
-0,936	125,37
-0,909	126,36
-0,883	127,55
-0,856	128,76
-0,831	129,76
-0,804	131,09
-0,779	132,43
-0,754	133,49
-0,727	134,90
-0,701	136,04
-0,675	137,50
-0,650	138,92
-0,627	140,06
-0,603	141,55
-0,581	143,09
-0,558	144,29
-0,534	145,80
-0,511	147,40
-0,489	148,57
-0,467	150,06
-0,446	151,61
-0,424	152,89
-0,404	154,34
-0,383	155,94
-0,363	157,21
-0,344	158,77
-0,324	160,02
-0,306	161,49
-0,287	163,01
-0,270	164,22
-0,253	165,70
-0,236	167,12
-0,220	168,26
-0,206	169,72
-0,192	171,03
-0,178	172,15
-0,163	173,48
-0,151	174,82
-0,137	175,85
-0,126	177,04
-0,113	178,32
-0,102	179,32
-0,091	180,38
-0,082	181,38
-0,072	182,32
-0,063	183,21
-0,055	184,09
-0,049	184,94
-0,042	185,85
-0,036	186,48
-0,030	187,33
-0,025	187,94
-0,019	188,49
-0,014	189,09
-0,011	189,61
-0,008	190,04
-0,006	190,50
-0,003	190,98
-0,002	191,30
0,000	191,62
0,000	192,01
0,000	192,22
0,000	192,34
0,000	192,56
-0,002	192,53
-0,003	192,56
-0,006	192,53
-0,009	192,53
-0,013	192,40
-0,017	192,23
-0,022	191,95
-0,027	191,79
-0,033	191,51
-0,039	191,07
-0,047	190,65
-0,055	190,26
-0,063	189,79
-0,071	189,37
-0,080	188,72
-0,090	188,13
-0,101	187,63
-0,112	186,87
-0,124	186,14
-0,137	185,60
-0,149	184,70
-0,162	183,84
-0,176	183,19
-0,190	182,23
-0,204	181,24
-0,220	180,41
-0,234	179,39
-0,251	178,31
-0,269	177,44
-0,287	176,36
-0,305	175,42
-0,324	174,30
-0,342	173,05
-0,361	172,09
-0,382	170,79
-0,404	169,48
-0,424	168,51
-0,445	167,09
-0,467	165,81
-0,489	164,60
-0,511	163,31
-0,534	161,88
-0,558	160,77
-0,581	159,36
-0,605	157,88
-0,630	156,74
-0,653	155,25
-0,679	153,85
-0,704	152,56
-0,730	151,17
-0,757	149,96
-0,782	148,57
-0,809	147,04
-0,834	145,86
-0,861	144,40
-0,888	142,89
-0,916	141,79
-0,942	140,27
-0,969	138,82
-0,996	137,67
-1,023	136,22
-1,049	134,77
-1,076	133,63
-1,104	132,30
-1,133	130,89
-1,159	129,75
-1,188	128,54
-1,213	127,49
-1,241	126,19
-1,266	124,92
-1,293	124,04
-1,318	122,84
-1,345	121,66
-1,370	120,77
-1,395	119,68
-1,420	118,60
-1,445	117,79
-1,470	116,76
-1,494	115,94
-1,519	114,96
-1,543	114,05
-1,566	113,29
-1,590	112,45
-1,612	111,59
-1,634	110,90
-1,654	110,12
-1,676	109,49
-1,696	108,71
-1,717	107,96
-1,736	107,36
-1,755	106,69
-1,773	106,08
-1,791	105,54
-1,808	104,96
-1,824	104,34
-1,839	103,91
-1,855	103,35
-1,869	102,90
-1,883	102,40
-1,896	101,95
-1,909	101,55
-1,921	101,11
-1,931	100,75
-1,942	100,42
-1,951	100,05
-1,960	99,70
-1,968	99,46
-1,974	99,15
-1,981	98,92
-1,987	98,70
-1,993	98,43
-1,998	98,30
-2,003	98,08
-2,006	97,87
-2,009	97,72
-2,011	97,58
-2,011	97,47
-2,012	97,38
-2,012	97,30
-2,012	97,20
-2,011	97,18
-2,009	97,08
-2,006	97,09
-2,003	97,06
-2,000	97,12
-1,995	97,12
-1,989	97,18
-1,982	97,20
-1,974	97,29
-1,967	97,37
-1,959	97,44
-1,949	97,62
-1,940	97,74
-1,929	97,89
-1,918	98,09
-1,905	98,32
-1,891	98,52
-1,879	98,77
-1,865	99,05
-1,850	99,29
-1,836	99,59
-1,821	99,81
-1,803	100,18
-1,786	100,52
-1,769	100,84
-1,751	101,26
-1,733	101,67
-1,714	102,00
-1,693	102,48
-1,673	102,96
-1,652	103,34
-1,632	103,84
-1,610	104,34
-1,588	104,86
-1,565	105,46
-1,541	105,90
-1,519	106,51
-1,494	107,17
-1,470	107,68
-1,445	108,38
-1,422	109,08
-1,396	109,71
-1,371	110,49
-1,346	111,10
-1,319	111,93
-1,294	112,79
-1,269	113,47
-1,243	114,40
-1,216	115,32
-1,189	116,08
-1,162	117,08
-1,134	117,90
-1,107	118,91
-1,079	119,97
-1,052	120,81
-1,026	121,92
-1,001	123,01
-0,974	123,97
-0,947	125,02
-0,920	126,18
-0,894	127,16
-0,867	128,36
-0,840	129,36
-0,814	130,65
-0,789	131,98
-0,763	133,04
-0,737	134,48
-0,710	135,85
-0,685	137,01
-0,660	138,45
-0,635	139,95
-0,613	141,14
-0,589	142,69
-0,565	144,12
-0,542	145,36
-0,518	146,89
-0,496	148,41
-0,474	149,55
-0,452	151,11
-0,432	152,42
-0,410	153,89
-0,390	155,46
-0,371	156,66
-0,350	158,25
-0,331	159,82
-0,313	161,07
-0,294	162,59
-0,276	164,08
-0,258	165,30
-0,240	166,71
-0,225	168,23
-0,210	169,35
-0,196	170,72
-0,184	172,03
-0,170	173,17
-0,156	174,44
-0,141	175,74
-0,129	176,64
-0,116	177,92
-0,107	178,94
-0,096	180,10
-0,085	181,13
-0,075	182,02
-0,066	182,94
-0,057	183,97
-0,050	184,75
-0,044	185,60
-0,038	186,43
-0,031	187,08
-0,025	187,82
-0,020	188,49
-0,016	188,94
-0,013	189,54
-0,008	190,04
-0,006	190,43
-0,003	190,91
-0,002	191,24
0,000	191,53
0,000	191,89
0,000	192,04
0,000	192,23
0,000	192,50
0,000	192,52
-0,002	192,57
-0,005	192,54
-0,008	192,56
-0,011	192,53
-0,016	192,36
-0,020	192,17
-0,025	191,92
-0,031	191,66
-0,038	191,32
-0,046	190,92
-0,052	190,57
-0,060	190,08
-0,069	189,54
-0,077	189,03
-0,086	188,40
-0,096	187,77
-0,108	187,15
-0,119	186,37
-0,134	185,66
-0,146	185,12
-0,159	184,20
-0,171	183,49
-0,185	182,58
-0,199	181,70
-0,215	180,83
-0,231	179,83
-0,247	178,80
-0,264	177,85
-0,281	176,76
-0,300	175,59
-0,317	174,60
-0,336	173,40
-0,357	172,18
-0,375	171,15
-0,397	169,91
-0,418	168,53
-0,440	167,51
-0,460	166,33
-0,482	164,90
-0,504	163,79
-0,528	162,37
-0,550	161,22
-0,573	159,86
-0,598	158,35
-0,622	157,24
-0,647	155,68
-0,671	154,30
-0,697	153,01
-0,723	151,59
-0,749	150,11
-0,776	148,89
-0,801	147,41
-0,828	145,89
-0,855	144,75
-0,881	143,31
-0,908	141,81
-0,935	140,66
-0,961	139,12
-0,988	137,68
-1,015	136,59
-1,043	135,18
-1,070	134,05
-1,096	132,62
-1,125	131,24
-1,151	130,09
-1,180	128,79
-1,206	127,51
-1,233	126,53
-1,260	125,22
-1,286	123,97
-1,312	123,09
-1,338	121,89
-1,363	121,05
-1,389	119,90
-1,414	118,87
-1,439	117,97
-1,462	116,90
-1,488	115,97
-1,513	115,16
-1,536	114,21
-1,560	113,43
-1,583	112,55
-1,605	111,69
-1,627	111,01
-1,649	110,26
-1,670	109,42
-1,692	108,81
-1,711	108,03
-1,731	107,35
-1,750	106,87
-1,767	106,18
-1,786	105,65
-1,803	105,00
-1,821	104,44
-1,836	104,00
-1,850	103,44
-1,866	102,90
-1,880	102,49
-1,893	102,05
-1,905	101,61
-1,918	101,27
-1,929	100,87
-1,938	100,57
-1,949	100,22
-1,957	99,87
-1,967	99,64
-1,973	99,37
-1,981	99,10
-1,985	98,89
-1,992	98,66
-1,996	98,49
-2,001	98,29
-2,004	98,10
-2,007	98,00
-2,009	97,82
-2,011	97,64
-2,012	97,58
-2,012	97,47
-2,012	97,42
-2,012	97,38
-2,011	97,34
-2,007	97,30
-2,004	97,27
-2,000	97,36
-1,996	97,32
-1,990	97,37
-1,984	97,44
-1,978	97,51
-1,970	97,60
-1,960	97,72
-1,951	97,81
-1,942	97,99
-1,932	98,13
-1,921	98,32
-1,909	98,49
-1,896	98,68
-1,882	98,90
-1,868	99,17
-1,854	99,43
-1,839	99,73
-1,824	100,02
-1,808	100,29
-1,791	100,63
-1,773	101,02
-1,755	101,34
-1,737	101,71
-1,718	102,07
-1,698	102,52
-1,678	102,97
-1,659	103,36
-1,637	103,87
-1,615	104,44
-1,593	104,87
-1,571	105,42
-1,547	106,00
-1,524	106,49
-1,500	107,12
-1,477	107,63
-1,451	108,33
-1,426	109,05
-1,401	109,62
-1,376	110,40
-1,351	111,15
-1,326	111,81
-1,301	112,67
-1,274	113,53
-1,249	114,22
-1,222	115,16
-1,195	115,90
-1,169	116,85
-1,140	117,89
-1,114	118,71
-1,085	119,77
-1,059	120,86
-1,032	121,70
-1,007	122,82
-0,980	123,69
-0,953	124,78
-0,927	125,95
-0,900	126,93
-0,873	128,08
-0,847	129,34
-0,820	130,38
-0,795	131,72
-0,768	133,05
-0,743	134,15
-0,716	135,56
-0,691	136,68
-0,666	138,19
-0,641	139,62
-0,617	140,88
-0,594	142,31
-0,570	143,86
-0,547	145,01
-0,525	146,54
-0,503	148,08
-0,479	149,27
-0,459	150,81
-0,437	152,40
-0,416	153,67
-0,396	155,16
-0,375	156,71
-0,355	158,01
-0,336	159,47
-0,316	161,05
-0,297	162,18
-0,280	163,69
-0,262	164,92
-0,245	166,36
-0,229	167,79
-0,214	168,94
-0,199	170,45
-0,185	171,75
-0,171	172,87
-0,159	174,14
-0,145	175,42
-0,132	176,46
-0,119	177,67
-0,108	178,83
-0,097	179,78
-0,088	180,95
-0,079	181,93
-0,069	182,79
-0,060	183,81
-0,052	184,67
-0,046	185,38
-0,039	186,32
-0,033	186,95
-0,027	187,71
-0,022	188,42
-0,017	188,88
-0,013	189,49
-0,009	189,99
-0,006	190,39
-0,005	190,89
-0,003	191,23
-0,002	191,60
0,000	191,83
0,000	192,18
0,000	192,34
0,000	192,49
0,000	192,56
-0,002	192,70
-0,005	192,73
-0,008	192,64
-0,011	192,49
-0,014	192,44
-0,019	192,27
-0,024	192,00
-0,030	191,74
-0,036	191,43
-0,042	191,07
-0,050	190,66
-0,058	190,15
-0,066	189,64
-0,075	189,20
-0,083	188,57
-0,094	187,91
-0,105	187,36
-0,118	186,64
-0,130	185,88
-0,143	185,20
-0,156	184,38
-0,168	183,52
-0,182	182,80
-0,196	181,78
-0,210	180,82
-0,226	179,99
-0,243	178,95
-0,259	177,79
-0,276	176,96
-0,295	175,79
-0,314	174,87
-0,333	173,64
-0,352	172,41
-0,371	171,47
-0,391	170,21
-0,413	168,77
-0,434	167,87
-0,456	166,48
-0,476	165,05
-0,498	164,01
-0,522	162,52
-0,545	161,24
-0,569	160,02
-0,592	158,68
-0,616	157,15
-0,641	155,99
-0,666	154,48
-0,691	153,30
-0,718	151,79
-0,743	150,32
-0,770	149,20
-0,795	147,69
-0,822	146,20
-0,847	145,03
-0,875	143,58
-0,902	142,10
-0,928	140,90
-0,955	139,44
-0,982	138,01
-1,008	136,82
-1,035	135,34
-1,062	134,01
-1,090	132,86
-1,117	131,49
-1,145	130,11
-1,172	129,03
-1,200	127,80
-1,227	126,84
-1,253	125,54
-1,279	124,41
-1,305	123,46
-1,330	122,19
-1,357	121,12
-1,382	120,26
-1,407	119,21
-1,433	118,08
-1,458	117,24
-1,481	116,28
-1,506	115,48
-1,530	114,48
-1,554	113,59
-1,577	112,85
-1,601	111,96
-1,623	111,17
-1,645	110,41
-1,665	109,67
-1,685	108,81
-1,706	108,28
-1,726	107,61
-1,745	107,03
-1,762	106,33
-1,781	105,64
-1,799	105,17
-1,814	104,62
-1,832	103,96
-1,847	103,58
-1,861	103,02
-1,877	102,52
-1,890	102,13
-1,902	101,71
-1,915	101,31
-1,926	100,94
-1,937	100,50
-1,946	100,23
-1,956	99,85
-1,965	99,55
-1,971	99,34
-1,978	99,01
-1,984	98,84
-1,990	98,53
-1,995	98,31
-2,000	98,20
-2,004	97,97
-2,006	97,81
-2,009	97,68
-2,011	97,52
-2,012	97,45
-2,012	97,34
-2,012	97,27
-2,012	97,27
-2,011	97,17
-2,007	97,17
-2,004	97,21
-2,001	97,22
-1,996	97,18
-1,992	97,20
-1,985	97,26
-1,979	97,31
-1,971	97,39
-1,963	97,49
-1,954	97,59
-1,945	97,71
-1,935	97,93
-1,924	98,03
-1,912	98,28
-1,899	98,55
-1,885	98,74
-1,872	99,00
-1,858	99,29
-1,843	99,56
-1,828	99,86
-1,811	100,12
-1,795	100,45
-1,778	100,82
-1,759	101,12
-1,742	101,48
-1,723	101,89
-1,704	102,26
-1,684	102,76
-1,663	103,15
-1,643	103,65
-1,621	104,16
-1,599	104,62
-1,577	105,17
-1,554	105,76
-1,530	106,24
-1,506	106,84
-1,483	107,51
-1,458	108,02
-1,433	108,77
-1,409	109,45
-1,384	110,06
-1,359	110,83
-1,332	111,48
-1,307	112,30
-1,282	113,18
-1,255	113,86
-1,230	114,87
-1,203	115,76
-1,177	116,55
-1,148	117,58
-1,122	118,35
-1,093	119,38
-1,067	120,47
-1,040	121,31
-1,013	122,42
-0,986	123,50
-0,961	124,43
-0,935	125,57
-0,906	126,73
-0,880	127,67
-0,853	128,98
-0,828	129,91
-0,801	131,25
-0,776	132,59
-0,751	133,63
-0,724	135,16
-0,697	136,47
-0,672	137,66
-0,647	139,12
-0,624	140,58
-0,600	141,80
-0,578	143,32
-0,554	144,84
-0,531	145,99
-0,509	147,56
-0,485	149,07
-0,465	150,34
-0,443	151,89
-0,423	153,14
-0,401	154,60
-0,380	156,16
-0,360	157,36
-0,341	158,92
-0,322	160,49
-0,303	161,63
-0,284	163,16
-0,267	164,70
-0,250	165,91
-0,232	167,38
-0,218	168,76
-0,203	169,82
-0,190	171,18
-0,176	172,59
-0,162	173,70
-0,149	174,89
-0,135	175,98
-0,123	177,21
-0,112	178,42
-0,101	179,37
-0,091	180,50
-0,082	181,51
-0,071	182,41
-0,061	183,33
-0,053	184,35
-0,047	185,04
-0,041	185,88
-0,035	186,66
-0,028	187,32
-0,024	188,02
-0,019	188,60
-0,014	189,17
-0,011	189,77
-0,008	190,10
-0,005	190,64
-0,003	191,10
-0,002	191,37
0,000	191,64
0,000	191,96
0,000	192,24
0,000	192,36
0,000	192,44
-0,002	192,52
-0,003	192,54
-0,006	192,54
-0,009	192,43
-0,014	192,37
-0,017	192,20
-0,024	191,90
-0,028	191,67
-0,035	191,41
-0,041	191,02
-0,049	190,62
-0,057	190,25
-0,064	189,73
-0,072	189,17
-0,082	188,64
-0,091	188,12
-0,102	187,36
-0,115	186,86
-0,127	186,01
-0,140	185,44
-0,152	184,66
-0,165	183,70
-0,178	183,02
-0,193	182,08
-0,207	181,06
-0,223	180,24
-0,239	179,10
-0,256	178,07
-0,272	177,17
-0,291	176,02
-0,308	174,86
-0,327	173,90
-0,346	172,70
-0,366	171,51
-0,386	170,55
-0,407	169,25
-0,429	168,28
-0,449	166,99
-0,471	165,56
-0,492	164,50
-0,515	163,03
-0,539	161,64
-0,561	160,46
-0,586	159,06
-0,609	157,54
-0,635	156,37
-0,658	154,94
-0,685	153,46
-0,710	152,29
-0,735	150,83
-0,762	149,43
-0,787	148,11
-0,814	146,71
-0,840	145,25
-0,867	144,10
-0,894	142,58
-0,920	141,17
-0,947	140,00
-0,974	138,61
-1,001	137,33
-1,029	135,95
-1,056	134,39
-1,082	133,27
-1,109	131,93
-1,137	130,55
-1,164	129,46
-1,192	128,15
-1,219	126,82
-1,246	125,84
-1,272	124,65
-1,299	123,70
-1,324	122,49
-1,349	121,31
-1,374	120,41
-1,401	119,36
-1,426	118,21
-1,450	117,41
-1,475	116,41
-1,500	115,35
-1,524	114,55
-1,547	113,69
-1,571	112,99
-1,594	112,07
-1,616	111,21
-1,638	110,51
-1,660	109,73
-1,681	109,00
-1,701	108,38
-1,720	107,59
-1,740	106,95
-1,758	106,39
-1,777	105,78
-1,794	105,26
-1,811	104,66
-1,827	104,05
-1,843	103,62
-1,858	103,11
-1,872	102,63
-1,887	102,20
-1,899	101,72
-1,912	101,40
-1,923	100,97
-1,934	100,54
-1,943	100,32
-1,954	99,94
-1,962	99,60
-1,970	99,35
-1,976	99,09
-1,982	98,77
-1,989	98,62
-1,993	98,38
-1,998	98,21
-2,003	98,01
-2,006	97,82
-2,009	97,71
-2,011	97,55
-2,012	97,41
-2,012	97,34
-2,012	97,27
-2,012	97,21
-2,011	97,22
-2,009	97,19
-2,006	97,21
-2,003	97,22
-1,998	97,22
-1,993	97,24
-1,987	97,31
-1,981	97,34
-1,973	97,43
-1,965	97,54
-1,956	97,66
-1,948	97,74
-1,938	97,92
-1,927	98,08
-1,915	98,22
-1,902	98,49
-1,890	98,70
-1,876	98,96
-1,861	99,26
-1,847	99,47
-1,832	99,75
-1,816	100,06
-1,800	100,37
-1,783	100,73
-1,764	101,04
-1,747	101,41
-1,728	101,84
-1,709	102,17
-1,689	102,69
-1,668	103,16
-1,648	103,58
-1,627	104,12
-1,605	104,51
-1,583	105,12
-1,560	105,71
-1,536	106,20
-1,513	106,81
-1,489	107,42
-1,464	107,98
-1,440	108,65
-1,415	109,38
-1,390	109,94
-1,365	110,74
-1,340	111,40
-1,313	112,23
-1,288	113,08
-1,263	113,77
-1,236	114,68
-1,210	115,65
-1,183	116,44
-1,156	117,35
-1,128	118,38
-1,101	119,20
-1,074	120,31
-1,048	121,14
-1,021	122,23
-0,994	123,34
-0,968	124,21
-0,941	125,32
-0,914	126,56
-0,888	127,48
-0,861	128,73
-0,834	129,94
-0,809	130,97
-0,784	132,29
-0,757	133,36
-0,732	134,83
-0,705	136,14
-0,679	137,29
-0,653	138,76
-0,630	140,32
-0,606	141,46
-0,584	142,99
-0,561	144,48
-0,537	145,66
-0,514	147,22
-0,492	148,75
-0,470	150,02
-0,449	151,52
-0,427	153,05
-0,407	154,23
-0,386	155,83
-0,366	157,10
-0,346	158,68
-0,327	160,11
-0,308	161,34
-0,291	162,85
-0,272	164,41
-0,254	165,60
-0,237	167,03
-0,221	168,45
-0,207	169,50
-0,195	170,85
-0,181	172,24
-0,167	173,31
-0,152	174,67
-0,138	175,93
-0,127	176,94
-0,115	178,18
-0,105	179,34
-0,094	180,26
-0,083	181,30
-0,074	182,36
-0,064	183,14
-0,057	184,09
-0,049	184,84
-0,042	185,67
-0,036	186,46
-0,031	187,10
-0,025	187,85
-0,020	188,51
-0,016	189,04
-0,013	189,62
-0,009	190,08
-0,006	190,57
-0,003	190,99
-0,002	191,34
0,000	191,66
0,000	191,90
0,000	192,11
0,000	192,36
0,000	192,46
-0,002	192,53
-0,003	192,64
-0,005	192,63
-0,008	192,56
-0,013	192,37
-0,017	192,27
-0,020	191,97
-0,027	191,72
-0,033	191,43
-0,039	191,20
-0,046	190,74
-0,053	190,33
-0,061	189,82
-0,069	189,41
-0,079	188,92
-0,088	188,27
-0,099	187,64
-0,110	186,99
-0,123	186,31
-0,135	185,58
-0,148	184,88
-0,162	183,98
-0,174	183,02
-0,188	182,33
-0,203	181,29
-0,218	180,29
-0,234	179,57
-0,250	178,39
-0,267	177,51
-0,284	176,40
-0,303	175,35
-0,322	174,35
-0,341	173,22
-0,360	171,99
-0,379	170,80
-0,401	169,61
-0,421	168,34
-0,443	167,30
-0,463	166,00
-0,485	164,63
-0,507	163,51
-0,531	162,04
-0,554	160,75
-0,578	159,46
-0,602	158,03
-0,627	156,86
-0,652	155,41
-0,675	153,91
-0,702	152,72
-0,727	151,31
-0,754	149,73
-0,779	148,63
-0,806	147,21
-0,831	145,74
-0,859	144,59
-0,886	143,00
-0,913	141,68
-0,939	140,43
-0,966	138,96
-0,993	137,50
-1,019	136,30
-1,046	134,87
-1,073	133,51
-1,100	132,37
-1,128	131,01
-1,156	129,97
-1,183	128,58
-1,211	127,32
-1,238	126,34
-1,264	125,04
-1,290	123,89
-1,315	122,93
-1,341	121,75
-1,367	120,67
-1,393	119,73
-1,418	118,64
-1,442	117,78
-1,467	116,81
-1,491	115,78
-1,516	115,04
-1,539	114,09
-1,563	113,11
-1,587	112,46
-1,608	111,56
-1,630	110,93
-1,652	110,11
-1,673	109,34
-1,695	108,73
-1,714	108,01
-1,734	107,29
-1,751	106,71
-1,770	106,03
-1,788	105,41
-1,805	104,91
-1,822	104,38
-1,838	103,88
-1,854	103,31
-1,868	102,84
-1,882	102,41
-1,896	101,95
-1,909	101,54
-1,920	101,19
-1,931	100,80
-1,940	100,43
-1,949	100,10
-1,959	99,77
-1,967	99,58
-1,974	99,24
-1,981	98,96
-1,987	98,74
-1,992	98,52
-1,996	98,30
-2,001	98,14
-2,004	97,98
-2,007	97,74
-2,009	97,66
-2,011	97,53
-2,012	97,41
-2,012	97,34
-2,012	97,30
-2,012	97,26
-2,011	97,20
-2,007	97,18
-2,004	97,21
-2,000	97,23
-1,995	97,23
-1,990	97,24
-1,984	97,30
-1,976	97,33
-1,968	97,42
-1,959	97,49
-1,951	97,58
-1,942	97,77
-1,931	97,93
-1,920	98,05
-1,907	98,26
-1,894	98,51
-1,880	98,71
-1,866	98,99
-1,852	99,24
-1,838	99,48
-1,822	99,81
-1,806	100,09
-1,789	100,42
-1,772	100,78
-1,753	101,10
-1,734	101,48
-1,715	101,88
-1,696	102,27
-1,676	102,70
-1,656	103,13
-1,634	103,63
-1,613	104,15
-1,591	104,57
-1,569	105,15
-1,546	105,73
-1,522	106,27
-1,497	106,93
-1,473	107,52
-1,448	108,14
-1,423	108,82
-1,398	109,37
-1,374	110,19
-1,349	110,94
-1,323	111,63
-1,297	112,44
-1,271	113,28
-1,246	114,04
-1,219	114,99
-1,194	115,98
-1,166	116,75
-1,139	117,74
-1,111	118,51
-1,082	119,56
-1,056	120,65
-1,030	121,53
-1,004	122,62
-0,977	123,73
-0,950	124,65
-0,924	125,80
-0,897	126,99
-0,870	127,98
-0,844	129,21
-0,817	130,18
-0,792	131,51
-0,767	132,86
-0,740	134,00
-0,715	135,52
-0,688	136,87
-0,663	138,01
-0,638	139,52
-0,614	141,02
-0,592	142,26
-0,569	143,71
-0,545	145,28
-0,522	146,47
-0,500	147,97
-0,478	149,21
-0,456	150,75
-0,435	152,34
-0,415	153,48
-0,393	155,07
-0,372	156,60
-0,352	157,87
-0,333	159,42
-0,314	160,88
-0,297	162,13
-0,278	163,64
-0,261	165,14
-0,243	166,33
-0,226	167,81
-0,212	169,23
-0,198	170,40
-0,184	171,80
-0,171	173,09
-0,157	174,20
-0,143	175,46
-0,130	176,38
-0,118	177,64
-0,107	178,78
-0,097	179,74
-0,086	180,85
-0,077	181,87
-0,068	182,67
-0,058	183,75
-0,050	184,67
-0,044	185,36
-0,038	186,29
-0,031	186,99
-0,027	187,68
-0,022	188,45
-0,017	189,01
-0,013	189,49
-0,009	189,97
-0,006	190,36
-0,005	190,85
-0,002	191,21
-0,002	191,54
0,000	191,79
0,000	192,03
0,000	192,23
0,000	192,47
0,000	192,56
-0,002	192,58
-0,005	192,56
-0,008	192,64
-0,011	192,56
-0,014	192,37
-0,020	192,18
-0,025	191,95
-0,031	191,55
-0,038	191,27
-0,044	190,88
-0,052	190,48
-0,060	190,01
-0,068	189,41
-0,075	188,93
-0,085	188,40
-0,096	187,79
-0,107	187,20
-0,119	186,59
-0,132	185,76
-0,145	185,11
-0,157	184,29
-0,171	183,40
-0,184	182,60
-0,199	181,61
-0,214	180,60
-0,229	179,74
-0,245	178,64
-0,262	177,53
-0,280	176,61
-0,297	175,58
-0,316	174,30
-0,335	173,29
-0,353	172,21
-0,374	170,99
-0,394	169,94
-0,416	168,77
-0,438	167,62
-0,459	166,46
-0,481	164,92
-0,503	163,91
-0,526	162,50
-0,548	161,06
-0,572	159,94
-0,595	158,47
-0,620	157,00
-0,644	155,75
-0,669	154,28
-0,696	152,75
-0,721	151,67
-0,748	150,14
-0,773	148,64
-0,800	147,56
-0,825	146,07
-0,853	144,52
-0,880	143,45
-0,906	142,03
-0,933	140,82
-0,960	139,35
-0,986	137,84
-1,013	136,67
-1,040	135,22
-1,067	133,74
-1,095	132,66
-1,122	131,26
-1,148	129,89
-1,177	128,85
-1,205	127,57
-1,232	126,27
-1,258	125,28
-1,283	124,07
-1,310	123,14
-1,335	121,97
-1,362	120,84
-1,387	120,00
-1,412	118,80
-1,437	117,79
-1,461	116,91
-1,486	115,92
-1,510	115,21
-1,535	114,22
-1,558	113,28
-1,580	112,53
-1,604	111,74
-1,626	110,81
-1,648	110,16
-1,668	109,41
-1,690	108,65
-1,711	108,04
-1,729	107,37
-1,748	106,79
-1,767	106,11
-1,784	105,49
-1,802	105,00
-1,817	104,38
-1,835	103,84
-1,849	103,43
-1,865	102,91
-1,879	102,39
-1,893	102,04
-1,905	101,57
-1,916	101,26
-1,927	100,82
-1,938	100,47
-1,948	100,17
-1,957	99,84
-1,965	99,50
-1,973	99,29
-1,979	98,99
-1,985	98,79
-1,992	98,55
-1,996	98,36
-2,000	98,18
-2,004	98,03
-2,007	97,84
-2,009	97,77
-2,011	97,59
-2,012	97,55
-2,012	97,46
-2,012	97,40
-2,012	97,38
-2,011	97,35
-2,007	97,31
-2,004	97,37
-2,001	97,34
-1,996	97,32
-1,992	97,36
-1,984	97,42
-1,978	97,49
-1,970	97,58
-1,960	97,67
-1,953	97,77
-1,943	97,91
-1,934	98,07
-1,923	98,20
-1,910	98,44
-1,896	98,65
-1,883	98,89
-1,869	99,08
-1,855	99,38
-1,841	99,66
-1,825	99,95
-1,810	100,20
-1,792	100,55
-1,775	100,86
-1,756	101,23
-1,737	101,61
-1,718	102,04
-1,700	102,38
-1,679	102,84
-1,659	103,40
-1,638	103,80
-1,616	104,32
-1,594	104,78
-1,572	105,32
-1,549	105,92
-1,525	106,41
-1,502	107,03
-1,478	107,74
-1,453	108,26
-1,428	108,91
-1,403	109,49
-1,378	110,26
-1,352	111,02
-1,327	111,66
-1,302	112,54
-1,275	113,41
-1,250	114,09
-1,224	115,07
-1,197	116,03
-1,170	116,78
-1,144	117,79
-1,115	118,59
-1,089	119,64
-1,062	120,70
-1,035	121,60
-1,008	122,69
-0,982	123,80
-0,955	124,71
-0,928	125,83
-0,902	127,07
-0,873	128,02
-0,848	129,26
-0,822	130,28
-0,796	131,54
-0,771	132,89
-0,745	133,99
-0,718	135,44
-0,693	136,85
-0,666	138,01
-0,642	139,42
-0,619	141,03
-0,595	142,17
-0,572	143,71
-0,550	145,18
-0,526	146,42
-0,503	147,94
-0,481	149,44
-0,459	150,68
-0,438	152,27
-0,418	153,46
-0,397	154,99
-0,377	156,60
-0,357	157,81
-0,336	159,32
-0,317	160,90
-0,298	162,06
-0,281	163,63
-0,264	165,12
-0,247	166,25
-0,229	167,78
-0,215	169,13
-0,201	170,21
-0,187	171,63
-0,173	173,01
-0,159	174,07
-0,145	175,35
-0,132	176,32
-0,121	177,49
-0,110	178,78
-0,099	179,70
-0,088	180,85
-0,079	181,89
-0,069	182,75
-0,060	183,72
-0,052	184,63
-0,046	185,40
-0,038	186,16
-0,033	186,90
-0,027	187,52
-0,022	188,32
-0,017	188,99
-0,013	189,42
-0,009	190,03
-0,006	190,33
-0,005	190,92
-0,003	191,28
-0,002	191,54
0,000	191,84
0,000	192,14
0,000	192,28
0,000	192,54
0,000	192,58
-0,002	192,71
-0,003	192,71
-0,006	192,67
-0,009	192,62
-0,014	192,47
-0,019	192,36
-0,024	192,14
-0,030	191,79
-0,036	191,46
-0,042	191,13
-0,050	190,67
-0,058	190,27
-0,066	189,71
-0,074	189,13
-0,083	188,63
-0,093	187,95
-0,105	187,29
-0,116	186,72
-0,129	185,99
-0,141	185,38
-0,156	184,49
-0,168	183,57
-0,182	182,82
-0,195	181,82
-0,210	180,87
-0,226	180,10
-0,242	179,00
-0,259	177,91
-0,276	177,04
-0,294	175,97
-0,313	174,79
-0,331	173,81
-0,350	172,62
-0,371	171,43
-0,391	170,29
-0,412	169,12
-0,434	168,06
-0,454	166,76
-0,476	165,44
-0,498	164,23
-0,520	162,95
-0,543	161,44
-0,567	160,39
-0,591	158,85
-0,616	157,37
-0,639	156,17
-0,664	154,75
-0,690	153,33
-0,715	152,08
-0,741	150,60
-0,768	149,11
-0,793	148,02
-0,820	146,46
-0,847	145,32
-0,873	143,88
-0,900	142,36
-0,927	141,16
-0,953	139,73
-0,980	138,24
-1,007	137,11
-1,035	135,59
-1,060	134,20
-1,089	133,10
-1,115	131,67
-1,144	130,32
-1,170	129,28
-1,199	127,93
-1,225	126,67
-1,252	125,72
-1,279	124,52
-1,304	123,59
-1,330	122,41
-1,356	121,26
-1,381	120,29
-1,406	119,21
-1,431	118,13
-1,456	117,29
-1,481	116,36
-1,505	115,27
-1,528	114,50
-1,552	113,65
-1,576	112,83
-1,598	112,01
-1,621	111,11
-1,643	110,53
-1,663	109,68
-1,685	108,96
-1,706	108,33
-1,726	107,59
-1,745	107,06
-1,762	106,33
-1,780	105,70
-1,797	105,24
-1,814	104,65
-1,830	104,00
-1,846	103,60
-1,861	103,03
-1,876	102,51
-1,890	102,16
-1,902	101,66
-1,915	101,35
-1,926	100,87
-1,937	100,49
-1,946	100,17
-1,956	99,84
-1,965	99,54
-1,971	99,29
-1,978	99,01
-1,984	98,75
-1,990	98,55
-1,995	98,37
-2,000	98,18
-2,003	98,03
-2,006	97,85
-2,009	97,75
-2,011	97,59
-2,012	97,48
-2,012	97,39
-2,012	97,31
-2,012	97,29
-2,011	97,26
-2,009	97,24
-2,006	97,25
-2,001	97,26
-1,998	97,28
-1,992	97,29
-1,985	97,31
-1,979	97,42
-1,971	97,46
-1,963	97,59
-1,954	97,68
-1,945	97,83
-1,935	97,96
-1,924	98,16
-1,912	98,37
-1,899	98,62
-1,887	98,81
-1,872	99,03
-1,858	99,32
-1,843	99,58
-1,828	99,87
-1,813	100,10
-1,795	100,39
-1,778	100,79
-1,759	101,09
-1,742	101,44
-1,723	101,88
-1,704	102,25
-1,684	102,73
-1,663	103,24
-1,643	103,64
-1,621	104,18
-1,599	104,60
-1,577	105,19
-1,554	105,75
-1,530	106,22
-1,506	106,82
-1,483	107,49
-1,458	108,00
-1,433	108,72
-1,409	109,43
-1,384	110,02
-1,359	110,79
-1,332	111,45
-1,307	112,34
-1,282	113,19
-1,257	113,89
-1,230	114,82
-1,203	115,74
-1,177	116,51
-1,148	117,52
-1,122	118,46
-1,093	119,38
-1,067	120,43
-1,040	121,30
-1,013	122,39
-0,986	123,47
-0,961	124,39
-0,933	125,53
-0,906	126,69
-0,880	127,65
-0,853	128,88
-0,826	130,14
-0,801	131,16
-0,776	132,53
-0,751	133,62
-0,724	135,13
-0,697	136,50
-0,672	137,67
-0,647	139,07
-0,624	140,59
-0,600	141,78
-0,576	143,30
-0,553	144,74
-0,531	146,01
-0,507	147,53
-0,485	149,06
-0,463	150,24
-0,441	151,79
-0,421	153,36
-0,401	154,65
-0,380	156,30
-0,360	157,48
-0,341	158,97
-0,322	160,62
-0,303	161,80
-0,284	163,25
-0,267	164,81
-0,250	165,90
-0,232	167,38
-0,217	168,81
-0,203	169,91
-0,188	171,24
-0,176	172,59
-0,162	173,73
-0,148	174,98
-0,135	176,21
-0,123	177,24
-0,113	178,43
-0,102	179,48
-0,091	180,54
-0,080	181,59
-0,071	182,47
-0,061	183,48
-0,053	184,40
-0,046	185,11
-0,041	185,93
-0,035	186,74
-0,028	187,44
-0,024	188,04
-0,019	188,65
-0,014	189,27
-0,009	189,75
-0,008	190,31
-0,005	190,80
-0,003	191,17
-0,002	191,46
0,000	191,79
0,000	192,10
0,000	192,24
0,000	192,40
0,000	192,50
-0,002	192,67
-0,003	192,62
-0,006	192,63
-0,009	192,53
-0,013	192,36
-0,017	192,24
-0,024	192,06
-0,028	191,70
-0,035	191,44
-0,042	191,10
-0,049	190,70
-0,057	190,25
-0,064	189,79
-0,072	189,22
-0,082	188,82
-0,093	188,15
-0,102	187,42
-0,115	186,85
-0,127	186,14
-0,140	185,35
-0,152	184,70
-0,165	183,73
-0,179	182,81
-0,193	182,03
-0,209	181,01
-0,223	180,14
-0,240	179,14
-0,256	177,98
-0,273	177,13
-0,291	176,02
-0,309	174,78
-0,328	173,94
-0,347	172,80
-0,368	171,56
-0,388	170,48
-0,408	169,29
-0,429	167,91
-0,451	167,02
-0,473	165,51
-0,495	164,06
-0,517	163,03
-0,540	161,53
-0,564	160,20
-0,587	158,97
-0,611	157,49
-0,636	156,36
-0,661	154,90
-0,686	153,33
-0,712	152,23
-0,737	150,74
-0,763	149,28
-0,790	148,11
-0,815	146,63
-0,842	145,26
-0,869	143,98
-0,897	142,52
-0,924	141,00
-0,950	139,87
-0,977	138,35
-1,004	136,89
-1,030	135,72
-1,057	134,30
-1,084	132,88
-1,112	131,79
-1,139	130,47
-1,167	129,36
-1,195	128,01
-1,222	126,78
-1,249	125,78
-1,275	124,50
-1,301	123,35
-1,326	122,37
-1,352	121,20
-1,378	120,32
-1,403	119,22
-1,428	118,12
-1,453	117,32
-1,478	116,32
-1,502	115,32
-1,525	114,53
-1,549	113,62
-1,572	112,70
-1,596	111,99
-1,618	111,13
-1,640	110,49
-1,662	109,72
-1,682	108,92
-1,703	108,31
-1,723	107,58
-1,742	106,89
-1,761	106,41
-1,778	105,71
-1,795	105,12
-1,813	104,62
-1,828	104,10
-1,844	103,48
-1,860	103,04
-1,874	102,54
-1,888	102,13
-1,901	101,66
-1,913	101,25
-1,924	100,88
-1,935	100,53
-1,945	100,17
-1,954	99,87
-1,962	99,52
-1,970	99,32
-1,978	99,04
-1,984	98,76
-1,990	98,61
-1,995	98,38
-2,000	98,23
-2,003	98,06
-2,006	97,90
-2,009	97,75
-2,011	97,66
-2,012	97,57
-2,012	97,48
-2,012	97,38
-2,012	97,29
-2,011	97,23
-2,009	97,20
-2,006	97,21
-2,003	97,21
-1,998	97,22
-1,992	97,24
-1,987	97,25
-1,979	97,34
-1,973	97,44
-1,963	97,52
-1,956	97,68
-1,946	97,79
-1,937	97,94
-1,926	98,14
-1,913	98,36
-1,901	98,56
-1,888	98,82
-1,874	99,02
-1,860	99,33
-1,846	99,56
-1,830	99,87
-1,814	100,16
-1,797	100,45
-1,780	100,78
-1,762	101,16
-1,744	101,49
-1,725	101,90
-1,706	102,24
-1,685	102,69
-1,665	103,21
-1,645	103,59
-1,624	104,12
-1,602	104,68
-1,580	105,13
-1,557	105,72
-1,533	106,31
-1,510	106,80
-1,486	107,43
-1,462	108,12
-1,437	108,65
-1,412	109,40
-1,387	109,99
-1,360	110,76
-1,335	111,57
-1,310	112,23
-1,285	113,11
-1,260	113,98
-1,233	114,75
-1,206	115,66
-1,180	116,47
-1,151	117,43
-1,125	118,43
-1,098	119,29
-1,070	120,31
-1,043	121,42
-1,016	122,27
-0,991	123,38
-0,964	124,50
-0,938	125,42
-0,911	126,56
-0,883	127,50
-0,856	128,78
-0,831	130,02
-0,804	131,09
-0,779	132,34
-0,754	133,74
-0,727	134,89
-0,701	136,29
-0,675	137,76
-0,652	138,88
-0,628	140,41
-0,605	141,91
-0,581	143,09
-0,558	144,52
-0,534	145,77
-0,511	147,27
-0,489	148,88
-0,467	150,03
-0,446	151,58
-0,424	153,14
-0,404	154,36
-0,383	155,94
-0,363	157,55
-0,342	158,77
-0,324	160,26
-0,305	161,79
-0,287	163,00
-0,270	164,42
-0,251	165,96
-0,236	167,05
-0,220	168,53
-0,204	169,89
-0,190	171,02
-0,178	172,42
-0,163	173,47
-0,151	174,75
-0,137	176,09
-0,126	177,06
-0,113	178,24
-0,104	179,52
-0,093	180,36
-0,082	181,46
-0,072	182,50
-0,063	183,19
-0,055	184,22
-0,047	185,04
-0,041	185,75
-0,036	186,60
-0,030	187,27
-0,024	187,91
-0,019	188,54
-0,014	189,05
-0,011	189,59
-0,008	190,18
-0,005	190,56
-0,003	190,97
-0,002	191,42
0,000	191,61
0,000	191,96
0,000	192,23
0,000	192,38
0,000	192,47
-0,002	192,61
-0,003	192,53
-0,006	192,55
-0,008	192,50
-0,013	192,39
-0,017	192,20
-0,022	192,02
-0,028	191,70
-0,035	191,36
-0,041	191,08
-0,049	190,67
-0,055	190,19
-0,063	189,75
-0,071	189,31
-0,080	188,68
-0,090	188,18
-0,101	187,48
-0,113	186,72
-0,126	186,14
-0,138	185,32
-0,151	184,67
-0,163	183,82
-0,178	182,88
-0,192	182,11
-0,206	181,19
-0,221	180,12
-0,237	179,31
-0,253	178,37
-0,272	177,20
-0,289	176,33
-0,306	175,13
-0,325	174,02
-0,344	172,96
-0,364	171,74
-0,383	170,46
-0,404	169,47
-0,426	168,09
-0,448	166,95
-0,470	165,72
-0,492	164,38
-0,514	163,24
-0,536	161,83
-0,559	160,40
-0,584	159,23
-0,608	157,78
-0,631	156,30
-0,657	155,18
-0,682	153,70
-0,707	152,22
-0,734	151,09
-0,759	149,55
-0,785	148,11
-0,812	146,98
-0,837	145,44
-0,866	144,00
-0,892	142,79
-0,919	141,30
-0,946	139,84
-0,972	138,68
-0,999	137,20
-1,026	136,00
-1,052	134,63
-1,081	133,18
-1,107	132,10
-1,134	130,68
-1,162	129,38
-1,189	128,35
-1,217	127,03
-1,244	125,73
-1,271	124,84
-1,296	123,53
-1,321	122,62
-1,348	121,45
-1,373	120,37
-1,400	119,47
-1,425	118,35
-1,448	117,37
-1,473	116,53
-1,499	115,57
-1,522	114,59
-1,546	113,85
-1,569	112,93
-1,591	112,13
-1,615	111,39
-1,637	110,51
-1,659	109,90
-1,679	109,09
-1,700	108,33
-1,720	107,75
-1,739	107,04
-1,758	106,39
-1,775	105,83
-1,792	105,18
-1,810	104,76
-1,825	104,16
-1,841	103,62
-1,857	103,18
-1,871	102,71
-1,885	102,21
-1,899	101,82
-1,910	101,43
-1,923	101,00
-1,934	100,66
-1,943	100,27
-1,953	99,95
-1,962	99,65
-1,970	99,34
-1,976	99,10
-1,982	98,82
-1,989	98,63
-1,993	98,44
-1,998	98,19
-2,003	98,07
-2,006	97,88
-2,009	97,70
-2,011	97,61
-2,011	97,52
-2,012	97,36
-2,012	97,32
-2,012	97,25
-2,011	97,17
-2,009	97,18
-2,006	97,15
-2,003	97,17
-1,998	97,17
-1,993	97,18
-1,987	97,22
-1,981	97,24
-1,974	97,38
-1,967	97,37
-1,957	97,56
-1,948	97,71
-1,938	97,86
-1,927	98,09
-1,916	98,26
-1,904	98,46
-1,891	98,72
-1,877	98,89
-1,863	99,18
-1,849	99,51
-1,833	99,70
-1,817	100,04
-1,802	100,35
-1,784	100,69
-1,766	101,01
-1,747	101,43
-1,729	101,76
-1,709	102,19
-1,690	102,51
-1,670	102,99
-1,649	103,54
-1,627	103,94
-1,607	104,53
-1,585	105,06
-1,561	105,52
-1,538	106,13
-1,514	106,63
-1,491	107,28
-1,467	107,90
-1,442	108,47
-1,417	109,15
-1,392	109,92
-1,367	110,54
-1,340	111,30
-1,315	112,13
-1,290	112,81
-1,264	113,72
-1,238	114,43
-1,213	115,35
-1,184	116,23
-1,158	117,12
-1,129	118,10
-1,103	119,14
-1,074	120,05
-1,049	121,08
-1,023	122,13
-0,996	123,07
-0,969	124,15
-0,942	125,27
-0,916	126,19
-0,889	127,41
-0,862	128,39
-0,836	129,65
-0,811	130,93
-0,784	132,00
-0,759	133,28
-0,732	134,83
-0,707	135,92
-0,680	137,32
-0,655	138,78
-0,631	140,00
-0,608	141,46
-0,584	142,69
-0,561	144,16
-0,539	145,69
-0,515	146,89
-0,492	148,47
-0,470	149,93
-0,449	151,25
-0,429	152,80
-0,408	154,36
-0,388	155,64
-0,366	157,14
-0,347	158,72
-0,327	159,93
-0,308	161,44
-0,291	162,99
-0,273	164,11
-0,256	165,61
-0,239	167,03
-0,221	168,24
-0,207	169,69
-0,193	170,82
-0,179	172,06
-0,167	173,52
-0,152	174,49
-0,138	175,78
-0,127	176,90
-0,115	177,90
-0,104	179,10
-0,094	180,29
-0,083	181,05
-0,074	182,19
-0,064	183,18
-0,057	184,04
-0,049	184,95
-0,042	185,72
-0,036	186,37
-0,031	187,20
-0,025	187,68
-0,020	188,42
-0,016	188,94
-0,011	189,42
-0,008	190,01
-0,006	190,45
-0,003	190,88
-0,002	191,26
0,000	191,65
0,000	191,83
0,000	192,14
0,000	192,31
0,000	192,43
-0,002	192,46
-0,002	192,54
-0,005	192,54
-0,008	192,40
-0,011	192,33
-0,016	192,15
-0,020	191,92
-0,027	191,79
-0,033	191,49
-0,039	191,06
-0,047	190,79
-0,053	190,29
-0,061	189,78
-0,069	189,31
-0,079	188,76
-0,088	188,21
-0,099	187,65
-0,112	186,93
-0,123	186,21
-0,135	185,58
-0,148	184,69
-0,160	183,98
-0,174	183,08
-0,188	182,12
-0,203	181,43
-0,218	180,38
-0,234	179,31
-0,250	178,47
-0,267	177,41
-0,286	176,29
-0,303	175,42
-0,322	174,17
-0,341	173,02
-0,360	172,09
-0,380	170,72
-0,401	169,55
-0,423	168,35
-0,443	167,10
-0,465	166,00
-0,487	164,56
-0,509	163,34
-0,533	162,08
-0,554	160,73
-0,578	159,35
-0,603	158,14
-0,627	156,63
-0,652	155,21
-0,677	154,06
-0,702	152,47
-0,729	151,02
-0,754	149,91
-0,781	148,42
-0,806	147,00
-0,833	145,78
-0,859	144,30
-0,888	142,80
-0,914	141,71
-0,941	140,25
-0,968	138,75
-0,994	137,61
-1,021	136,15
-1,048	134,95
-1,074	133,56
-1,101	132,11
-1,129	131,04
-1,158	129,68
-1,184	128,39
-1,211	127,34
-1,239	126,06
-1,264	124,91
-1,291	123,92
-1,318	122,77
-1,343	121,65
-1,368	120,69
-1,395	119,59
-1,418	118,82
-1,444	117,69
-1,469	116,64
-1,494	115,85
-1,517	114,88
-1,541	113,97
-1,565	113,23
-1,588	112,34
-1,610	111,64
-1,632	110,77
-1,654	110,00
-1,674	109,42
-1,695	108,61
-1,715	107,88
-1,736	107,29
-1,755	106,61
-1,772	105,93
-1,789	105,45
-1,806	104,87
-1,822	104,36
-1,839	103,83
-1,854	103,27
-1,869	102,84
-1,882	102,42
-1,896	101,87
-1,909	101,49
-1,920	101,13
-1,931	100,82
-1,942	100,40
-1,951	100,09
-1,960	99,78
-1,968	99,47
-1,974	99,18
-1,981	98,94
-1,987	98,72
-1,992	98,50
-1,998	98,32
-2,001	98,14
-2,004	97,97
-2,007	97,80
-2,009	97,65
-2,011	97,55
-2,012	97,45
-2,012	97,38
-2,012	97,34
-2,012	97,34
-2,011	97,30
-2,007	97,28
-2,004	97,31
-2,000	97,34
-1,995	97,37
-1,989	97,38
-1,982	97,44
-1,976	97,48
-1,967	97,58
-1,959	97,70
-1,949	97,81
-1,940	97,93
-1,929	98,05
-1,918	98,23
-1,905	98,37
-1,893	98,59
-1,879	98,85
-1,866	99,09
-1,850	99,37
-1,836	99,66
-1,821	99,88
-1,803	100,23
-1,786	100,62
-1,769	100,90
-1,751	101,31
-1,733	101,59
-1,714	102,01
-1,693	102,46
-1,673	102,89
-1,652	103,32
-1,632	103,88
-1,610	104,31
-1,588	104,87
-1,566	105,44
-1,543	105,88
-1,519	106,49
-1,495	107,03
-1,470	107,68
-1,447	108,37
-1,422	108,95
-1,396	109,68
-1,371	110,49
-1,346	111,10
-1,319	111,92
-1,294	112,77
-1,269	113,46
-1,243	114,38
-1,217	115,10
-1,191	116,07
-1,162	117,04
-1,136	117,84
-1,107	118,86
-1,081	119,99
-1,054	120,82
-1,027	121,92
-1,001	122,81
-0,974	123,89
-0,947	125,06
-0,920	125,93
-0,894	127,20
-0,867	128,37
-0,840	129,37
-0,815	130,65
-0,789	131,96
-0,763	133,01
-0,737	134,44
-0,712	135,52
-0,685	136,98
-0,660	138,46
-0,636	139,66
-0,613	141,13
-0,589	142,63
-0,565	143,88
-0,542	145,37
-0,518	146,94
-0,496	148,16
-0,474	149,64
-0,452	151,20
-0,432	152,37
-0,412	153,95
-0,391	155,59
-0,371	156,81
-0,350	158,25
-0,331	159,83
-0,313	161,12
-0,294	162,63
-0,276	163,84
-0,258	165,25
-0,240	166,66
-0,225	167,83
-0,209	169,27
-0,195	170,72
-0,182	171,75
-0,168	173,11
-0,156	174,44
-0,141	175,46
-0,129	176,74
-0,118	177,88
-0,107	178,87
-0,096	180,05
-0,086	181,13
-0,075	181,95
-0,066	182,94
-0,057	183,73
-0,050	184,71
-0,044	185,49
-0,038	186,15
-0,031	186,90
-0,027	187,74
-0,020	188,27
-0,016	188,84
-0,013	189,53
-0,008	190,00
-0,006	190,41
-0,005	190,90
-0,003	191,21
-0,002	191,60
0,000	191,86
0,000	192,01
0,000	192,21
0,000	192,36
0,000	192,50
-0,002	192,56
-0,005	192,43
-0,008	192,52
-0,011	192,35
-0,016	192,25
-0,020	192,03
-0,027	191,76
-0,031	191,53
-0,039	191,16
-0,046	190,71
-0,052	190,33
-0,060	189,86
-0,068	189,44
-0,077	188,90
-0,086	188,33
-0,097	187,75
-0,108	187,07
-0,121	186,44
-0,134	185,80
-0,146	184,98
-0,159	184,07
-0,171	183,32
-0,187	182,39
-0,201	181,48
-0,215	180,63
-0,231	179,58
-0,248	178,47
-0,265	177,55
-0,283	176,51
-0,300	175,55
-0,319	174,38
-0,338	173,23
-0,357	172,30
-0,377	171,02
-0,397	169,60
-0,419	168,72
-0,440	167,35
-0,462	166,00
-0,484	164,92
-0,506	163,47
-0,528	162,17
-0,551	161,02
-0,575	159,55
-0,598	158,03
-0,624	156,93
-0,647	155,42
-0,672	154,38
-0,697	152,87
-0,724	151,43
-0,749	150,28
-0,776	148,70
-0,803	147,27
-0,829	146,18
-0,856	144,62
-0,883	143,14
-0,909	141,99
-0,936	140,54
-0,963	139,02
-0,990	137,94
-1,016	136,41
-1,043	134,98
-1,070	133,84
-1,098	132,44
-1,125	131,37
-1,151	130,02
-1,180	128,72
-1,208	127,69
-1,235	126,40
-1,261	125,15
-1,286	124,19
-1,313	122,99
-1,338	121,79
-1,365	120,93
-1,390	119,78
-1,415	118,96
-1,440	117,86
-1,466	116,88
-1,489	116,06
-1,513	115,10
-1,536	114,10
-1,560	113,38
-1,583	112,47
-1,607	111,60
-1,629	110,95
-1,651	110,15
-1,671	109,52
-1,692	108,67
-1,714	107,96
-1,733	107,41
-1,751	106,66
-1,770	106,03
-1,786	105,53
-1,803	104,91
-1,821	104,32
-1,836	103,88
-1,852	103,35
-1,868	102,92
-1,880	102,39
-1,894	101,93
-1,905	101,59
-1,918	101,09
-1,929	100,78
-1,940	100,45
-1,949	100,07
-1,959	99,84
-1,967	99,48
-1,974	99,15
-1,981	98,96
-1,985	98,69
-1,992	98,46
-1,996	98,25
-2,001	98,07
-2,004	97,86
-2,007	97,73
-2,009	97,57
-2,011	97,50
-2,012	97,37
-2,012	97,28
-2,012	97,25
-2,012	97,18
-2,011	97,17
-2,007	97,14
-2,004	97,17
-2,000	97,18
-1,995	97,20
-1,990	97,20
-1,984	97,24
-1,976	97,31
-1,968	97,39
-1,960	97,50
-1,951	97,63
-1,942	97,77
-1,931	97,91
-1,920	98,14
-1,909	98,36
-1,896	98,53
-1,882	98,80
-1,868	99,02
-1,854	99,33
-1,838	99,62
-1,822	99,86
-1,806	100,20
-1,789	100,56
-1,772	100,86
-1,753	101,20
-1,736	101,63
-1,717	101,97
-1,696	102,39
-1,676	102,78
-1,656	103,29
-1,635	103,78
-1,613	104,24
-1,591	104,77
-1,569	105,38
-1,546	105,86
-1,522	106,45
-1,499	107,07
-1,473	107,64
-1,448	108,28
-1,425	108,90
-1,400	109,62
-1,374	110,37
-1,349	110,96
-1,323	111,81
-1,297	112,65
-1,272	113,34
-1,246	114,23
-1,219	115,18
-1,194	115,93
-1,166	116,92
-1,139	117,73
-1,111	118,74
-1,084	119,86
-1,056	120,66
-1,030	121,75
-1,004	122,83
-0,977	123,76
-0,950	124,89
-0,924	125,83
-0,897	127,04
-0,869	128,17
-0,844	129,23
-0,817	130,46
-0,792	131,80
-0,767	132,87
-0,741	134,28
-0,715	135,71
-0,688	136,80
-0,663	138,32
-0,638	139,46
-0,614	141,00
-0,591	142,49
-0,569	143,65
-0,545	145,24
-0,522	146,68
-0,498	147,91
-0,476	149,48
-0,456	150,99
-0,434	152,18
-0,415	153,73
-0,393	155,30
-0,372	156,57
-0,353	158,11
-0,333	159,64
-0,314	160,89
-0,295	162,35
-0,278	163,93
-0,261	165,21
-0,242	166,54
-0,226	168,06
-0,210	169,20
-0,196	170,53
-0,184	171,63
-0,170	172,96
-0,157	174,29
-0,143	175,29
-0,130	176,53
-0,119	177,85
-0,107	178,76
-0,097	179,86
-0,086	181,00
-0,077	181,82
-0,068	182,88
-0,058	183,85
-0,050	184,66
-0,044	185,52
-0,038	186,14
-0,031	186,95
-0,027	187,67
-0,022	188,27
-0,016	188,94
-0,013	189,49
-0,009	189,91
-0,006	190,43
-0,005	190,95
-0,003	191,18
-0,002	191,60
0,000	191,91
0,000	192,13
0,000	192,34
0,000	192,44
0,000	192,53
-0,002	192,64
-0,005	192,61
-0,006	192,50
-0,011	192,42
-0,014	192,29
-0,020	192,12
-0,025	191,80
-0,031	191,64
-0,038	191,21
-0,046	190,82
-0,052	190,53
-0,060	190,05
-0,068	189,59
-0,077	188,97
-0,086	188,41
-0,096	187,91
-0,107	187,17
-0,119	186,45
-0,132	185,80
-0,145	185,04
-0,157	184,13
-0,171	183,43
-0,185	182,49
-0,199	181,57
-0,215	180,79
-0,231	179,72
-0,247	178,66
-0,262	177,80
-0,281	176,75
-0,298	175,77
-0,317	174,66
-0,336	173,42
-0,355	172,50
-0,375	171,28
-0,396	169,95
-0,416	168,91
-0,438	167,50
-0,460	166,28
-0,482	165,12
-0,504	163,74
-0,526	162,32
-0,550	161,18
-0,573	159,75
-0,597	158,29
-0,622	157,14
-0,646	155,66
-0,671	154,24
-0,696	153,03
-0,723	151,53
-0,748	149,99
-0,774	148,79
-0,800	147,33
-0,826	146,26
-0,855	144,71
-0,881	143,17
-0,908	141,99
-0,935	140,58
-0,961	139,15
-0,988	138,00
-1,016	136,41
-1,041	135,02
-1,068	133,90
-1,095	132,49
-1,123	131,08
-1,150	130,07
-1,178	128,68
-1,206	127,70
-1,233	126,44
-1,260	125,17
-1,285	124,26
-1,312	123,07
-1,338	121,81
-1,363	120,95
-1,389	119,85
-1,414	118,75
-1,439	117,88
-1,462	116,88
-1,488	116,03
-1,513	115,01
-1,536	114,08
-1,560	113,39
-1,583	112,51
-1,605	111,62
-1,627	110,87
-1,649	110,06
-1,670	109,27
-1,692	108,72
-1,712	107,96
-1,731	107,38
-1,750	106,69
-1,769	106,00
-1,786	105,53
-1,803	104,92
-1,819	104,29
-1,835	103,89
-1,850	103,32
-1,866	102,81
-1,880	102,43
-1,893	101,92
-1,905	101,57
-1,918	101,10
-1,929	100,70
-1,938	100,41
-1,948	100,05
-1,957	99,70
-1,967	99,43
-1,973	99,12
-1,981	98,86
-1,987	98,67
-1,992	98,45
-1,996	98,27
-2,001	98,05
-2,004	97,84
-2,006	97,74
-2,009	97,58
-2,011	97,46
-2,012	97,34
-2,012	97,23
-2,012	97,20
-2,012	97,15
-2,011	97,09
-2,007	97,07
-2,004	97,07
-2,001	97,10
-1,996	97,12
-1,990	97,12
-1,984	97,18
-1,976	97,19
-1,968	97,31
-1,960	97,45
-1,951	97,50
-1,942	97,70
-1,932	97,80
-1,921	98,02
-1,909	98,22
-1,896	98,39
-1,882	98,64
-1,868	98,91
-1,854	99,19
-1,839	99,47
-1,824	99,75
-1,808	100,08
-1,791	100,45
-1,772	100,69
-1,753	101,05
-1,736	101,49
-1,717	101,81
-1,698	102,31
-1,678	102,80
-1,657	103,17
-1,635	103,68
-1,615	104,11
-1,591	104,68
-1,571	105,24
-1,547	105,70
-1,524	106,32
-1,500	106,95
-1,475	107,47
-1,450	108,13
-1,426	108,90
-1,401	109,45
-1,376	110,18
-1,349	111,00
-1,324	111,66
-1,297	112,49
-1,272	113,19
-1,247	114,10
-1,221	115,07
-1,194	115,81
-1,167	116,77
-1,140	117,80
-1,112	118,61
-1,085	119,66
-1,057	120,49
-1,030	121,61
-1,005	122,71
-0,979	123,62
-0,952	124,73
-0,925	125,87
-0,898	126,85
-0,870	128,04
-0,844	129,29
-0,818	130,36
-0,792	131,66
-0,767	132,69
-0,741	134,09
-0,716	135,53
-0,690	136,66
-0,664	138,14
-0,639	139,64
-0,616	140,76
-0,592	142,28
-0,569	143,81
-0,547	145,00
-0,523	146,56
-0,500	148,01
-0,478	149,32
-0,456	150,89
-0,435	152,47
-0,415	153,61
-0,394	155,18
-0,374	156,48
-0,353	158,00
-0,333	159,43
-0,314	160,70
-0,297	162,26
-0,278	163,73
-0,261	164,92
-0,243	166,42
-0,226	167,93
-0,210	169,01
-0,196	170,49
-0,184	171,91
-0,170	172,98
-0,157	174,33
-0,145	175,55
-0,132	176,48
-0,119	177,72
-0,108	178,86
-0,097	179,79
-0,088	180,85
-0,077	181,83
-0,068	182,79
-0,060	183,78
-0,050	184,57
-0,044	185,51
-0,038	186,32
-0,033	186,96
-0,027	187,68
-0,022	188,37
-0,017	188,91
-0,013	189,50
-0,009	190,03
-0,006	190,41
-0,005	190,82
-0,003	191,26
-0,002	191,54
0,000	191,86
0,000	192,00
0,000	192,23
0,000	192,43
0,000	192,45
-0,002	192,61
-0,005	192,53
-0,006	192,54
-0,011	192,43
-0,014	192,36
-0,020	192,25
-0,025	191,96
-0,031	191,62
-0,038	191,33
-0,046	190,94
-0,052	190,61
-0,060	190,12
-0,068	189,52
-0,077	189,01
-0,086	188,44
-0,096	187,84
-0,107	187,21
-0,119	186,56
-0,132	185,72
-0,145	185,17
-0,157	184,23
-0,171	183,31
-0,185	182,58
-0,201	181,64
-0,215	180,64
-0,231	179,77
-0,247	178,79
-0,264	177,96
-0,281	176,83
-0,298	175,67
-0,317	174,75
-0,336	173,58
-0,357	172,36
-0,375	171,33
-0,396	170,05
-0,416	168,77
-0,438	167,63
-0,460	166,33
-0,482	164,93
-0,504	163,78
-0,528	162,44
-0,551	161,05
-0,573	159,79
-0,598	158,50
-0,622	156,95
-0,647	155,81
-0,672	154,31
-0,697	153,12
-0,723	151,59
-0,749	150,17
-0,774	149,04
-0,801	147,49
-0,828	146,07
-0,855	144,90
-0,881	143,34
-0,909	141,87
-0,936	140,72
-0,963	139,25
-0,990	137,76
-1,016	136,59
-1,043	135,15
-1,070	133,71
-1,096	132,58
-1,125	131,24
-1,151	130,13
-1,178	128,82
-1,206	127,52
-1,233	126,50
-1,261	125,27
-1,286	124,05
-1,313	123,12
-1,338	121,90
-1,365	120,75
-1,390	119,93
-1,415	118,78
-1,440	117,95
-1,466	116,83
-1,489	115,86
-1,513	115,08
-1,536	114,13
-1,560	113,18
-1,583	112,49
-1,607	111,53
-1,629	110,86
-1,651	110,03
-1,671	109,25
-1,692	108,64
-1,712	107,87
-1,733	107,20
-1,751	106,62
-1,770	106,00
-1,788	105,38
-1,803	104,88
-1,821	104,28
-1,836	103,72
-1,852	103,28
-1,866	102,74
-1,880	102,39
-1,894	101,90
-1,907	101,45
-1,918	101,10
-1,929	100,71
-1,940	100,36
-1,949	100,08
-1,959	99,72
-1,967	99,40
-1,974	99,18
-1,981	98,96
-1,987	98,73
-1,992	98,51
-1,996	98,28
-2,001	98,17
-2,004	97,93
-2,007	97,79
-2,009	97,64
-2,011	97,57
-2,012	97,46
-2,012	97,37
-2,012	97,32
-2,012	97,29
-2,011	97,29
-2,007	97,26
-2,004	97,24
-2,000	97,27
-1,995	97,26
-1,990	97,30
-1,984	97,38
-1,976	97,41
-1,968	97,47
-1,959	97,58
-1,949	97,71
-1,942	97,87
-1,931	98,04
-1,920	98,16
-1,907	98,42
-1,894	98,65
-1,880	98,85
-1,866	99,10
-1,854	99,40
-1,838	99,62
-1,822	99,94
-1,805	100,18
-1,788	100,51
-1,770	100,89
-1,751	101,22
-1,734	101,58
-1,715	102,01
-1,695	102,42
-1,676	102,87
-1,654	103,27
-1,634	103,79
-1,613	104,32
-1,590	104,78
-1,568	105,34
-1,544	105,92
-1,521	106,40
-1,497	107,03
-1,473	107,70
-1,448	108,24
-1,423	108,94
-1,398	109,50
-1,371	110,27
-1,346	111,07
-1,321	111,77
-1,296	112,57
-1,269	113,44
-1,244	114,20
-1,219	115,13
-1,192	116,07
-1,164	116,85
-1,137	117,83
-1,109	118,64
-1,082	119,75
-1,056	120,81
-1,029	121,70
-1,002	122,77
-0,975	123,89
-0,949	124,79
-0,922	125,96
-0,894	126,94
-0,867	128,12
-0,842	129,38
-0,815	130,39
-0,790	131,76
-0,765	133,02
-0,738	134,22
-0,712	135,63
-0,686	137,06
-0,661	138,20
-0,636	139,72
-0,614	141,17
-0,591	142,34
-0,567	143,81
-0,543	145,30
-0,520	146,61
-0,496	148,12
-0,474	149,36
-0,454	150,83
-0,434	152,55
-0,412	153,65
-0,391	155,27
-0,371	156,86
-0,352	158,16
-0,331	159,58
-0,313	161,12
-0,295	162,36
-0,276	163,83
-0,259	165,35
-0,242	166,47
-0,225	167,95
-0,209	169,33
-0,195	170,46
-0,182	171,88
-0,168	173,21
-0,154	174,22
-0,141	175,50
-0,129	176,50
-0,116	177,75
-0,107	178,98
-0,096	179,93
-0,086	180,97
-0,077	182,08
-0,066	182,93
-0,058	183,87
-0,050	184,79
-0,044	185,51
-0,038	186,28
-0,031	187,14
-0,025	187,77
-0,020	188,32
-0,016	189,01
-0,013	189,44
-0,008	189,93
-0,006	190,45
-0,005	190,82
-0,003	191,25
-0,002	191,61
0,000	191,83
0,000	192,14
0,000	192,25
0,000	192,44
0,000	192,52
-0,002	192,50
-0,005	192,50
-0,008	192,47
-0,011	192,39
-0,016	192,23
-0,020	192,14
-0,027	191,90
-0,033	191,54
-0,039	191,21
-0,046	190,80
-0,053	190,42
-0,061	189,92
-0,069	189,38
-0,077	188,82
-0,088	188,37
-0,097	187,59
-0,108	186,93
-0,121	186,33
-0,134	185,52
-0,146	184,90
-0,159	184,01
-0,173	183,04
-0,188	182,33
-0,203	181,37
-0,218	180,32
-0,234	179,56
-0,250	178,40
-0,267	177,33
-0,284	176,42
-0,302	175,26
-0,320	174,08
-0,339	173,16
-0,360	171,93
-0,379	170,61
-0,401	169,71
-0,421	168,31
-0,443	167,06
-0,465	165,99
-0,485	164,70
-0,509	163,49
-0,531	162,12
-0,554	160,72
-0,578	159,54
-0,603	158,10
-0,627	156,61
-0,652	155,43
-0,675	153,98
-0,702	152,49
-0,727	151,22
-0,754	149,84
-0,779	148,46
-0,806	147,27
-0,833	145,74
-0,859	144,24
-0,886	143,08
-0,913	141,61
-0,941	140,12
-0,968	138,91
-0,994	137,53
-1,021	136,36
-1,048	134,90
-1,074	133,47
-1,101	132,42
-1,129	130,98
-1,156	129,68
-1,184	128,62
-1,211	127,24
-1,239	126,06
-1,264	125,02
-1,291	123,80
-1,318	122,93
-1,343	121,72
-1,370	120,59
-1,395	119,71
-1,420	118,61
-1,445	117,55
-1,469	116,70
-1,494	115,76
-1,517	114,74
-1,541	113,97
-1,565	113,06
-1,588	112,35
-1,610	111,48
-1,632	110,68
-1,654	110,01
-1,676	109,22
-1,696	108,48
-1,717	107,88
-1,736	107,18
-1,755	106,51
-1,772	105,98
-1,791	105,32
-1,806	104,87
-1,824	104,30
-1,839	103,69
-1,855	103,30
-1,869	102,78
-1,883	102,25
-1,896	101,93
-1,909	101,52
-1,921	101,04
-1,931	100,70
-1,942	100,38
-1,953	99,97
-1,960	99,70
-1,968	99,40
-1,976	99,19
-1,982	98,89
-1,987	98,70
-1,993	98,50
-1,998	98,30
-2,001	98,16
-2,004	97,97
-2,007	97,87
-2,009	97,74
-2,011	97,65
-2,012	97,55
-2,012	97,50
-2,012	97,43
-2,011	97,41
-2,009	97,39
-2,007	97,44
-2,004	97,45
-2,000	97,49
-1,995	97,50
-1,989	97,52
-1,982	97,61
-1,974	97,70
-1,967	97,76
-1,957	97,81
-1,949	97,97
-1,938	98,13
-1,929	98,32
-1,916	98,49
-1,905	98,67
-1,891	98,90
-1,879	99,13
-1,865	99,39
-1,850	99,67
-1,835	99,88
-1,819	100,20
-1,803	100,54
-1,784	100,79
-1,767	101,16
-1,748	101,45
-1,729	101,91
-1,711	102,28
-1,692	102,63
-1,671	103,11
-1,651	103,63
-1,630	104,02
-1,608	104,59
-1,585	105,12
-1,563	105,60
-1,539	106,14
-1,516	106,64
-1,492	107,29
-1,469	107,97
-1,444	108,49
-1,418	109,20
-1,392	109,93
-1,367	110,57
-1,341	111,36
-1,316	112,17
-1,291	112,86
-1,264	113,71
-1,239	114,47
-1,213	115,38
-1,186	116,34
-1,158	117,14
-1,131	118,12
-1,104	119,22
-1,076	120,03
-1,049	121,10
-1,024	122,15
-0,997	123,01
-0,971	124,19
-0,944	125,12
-0,916	126,22
-0,889	127,44
-0,862	128,47
-0,836	129,68
-0,811	131,01
-0,785	132,04
-0,760	133,34
-0,734	134,55
-0,707	135,96
-0,682	137,37
-0,657	138,50
-0,631	140,06
-0,609	141,56
-0,586	142,72
-0,562	144,26
-0,539	145,77
-0,515	146,92
-0,492	148,47
-0,470	150,02
-0,449	151,26
-0,429	152,87
-0,408	154,47
-0,388	155,68
-0,368	157,13
-0,347	158,72
-0,328	159,86
-0,309	161,39
-0,291	162,54
-0,273	164,09
-0,256	165,55
-0,239	166,80
-0,221	168,30
-0,206	169,67
-0,192	170,79
-0,179	172,18
-0,165	173,60
-0,152	174,66
-0,138	175,95
-0,126	177,08
-0,115	177,95
-0,104	179,16
-0,094	180,26
-0,083	181,13
-0,074	182,14
-0,064	183,02
-0,057	184,00
-0,049	184,93
-0,042	185,66
-0,036	186,48
-0,030	187,31
-0,024	187,83
-0,019	188,56
-0,016	189,16
-0,011	189,60
-0,008	190,10
-0,006	190,55
-0,003	190,96
-0,002	191,32
0,000	191,65
0,000	191,88
0,000	192,13
0,000	192,21
0,000	192,42
0,000	192,53
-0,002	192,56
-0,005	192,51
-0,008	192,47
-0,011	192,43
-0,016	192,17
-0,020	192,02
-0,027	191,87
-0,033	191,52
-0,039	191,13
-0,047	190,73
-0,055	190,29
-0,063	189,85
-0,071	189,28
-0,080	188,72
-0,090	188,16
-0,099	187,53
-0,110	186,89
-0,123	186,26
-0,135	185,52
-0,149	184,66
-0,162	183,96
-0,176	183,02
-0,190	182,11
-0,204	181,35
-0,220	180,26
-0,236	179,26
-0,251	178,43
-0,269	177,27
-0,287	176,18
-0,305	175,22
-0,324	174,03
-0,342	173,17
-0,361	171,90
-0,382	170,64
-0,402	169,60
-0,424	168,36
-0,446	166,95
-0,467	165,93
-0,489	164,55
-0,511	163,11
-0,534	162,11
-0,558	160,58
-0,581	159,15
-0,605	157,89
-0,630	156,48
-0,653	155,09
-0,679	153,85
-0,705	152,34
-0,730	151,25
-0,757	149,79
-0,784	148,30
-0,809	147,18
-0,836	145,63
-0,862	144,17
-0,889	142,99
-0,917	141,49
-0,944	140,03
-0,971	138,87
-0,997	137,36
-1,024	135,93
-1,051	134,84
-1,078	133,33
-1,104	131,99
-1,133	130,87
-1,159	129,57
-1,188	128,56
-1,214	127,26
-1,243	125,95
-1,268	124,96
-1,294	123,83
-1,321	122,62
-1,346	121,70
-1,371	120,51
-1,396	119,48
-1,422	118,59
-1,447	117,52
-1,472	116,74
-1,497	115,77
-1,521	114,77
-1,544	113,97
-1,568	113,08
-1,590	112,20
-1,613	111,50
-1,635	110,69
-1,656	109,85
-1,678	109,28
-1,698	108,50
-1,718	107,92
-1,739	107,18
-1,756	106,47
-1,775	105,97
-1,792	105,34
-1,808	104,73
-1,825	104,24
-1,841	103,70
-1,855	103,21
-1,871	102,78
-1,885	102,33
-1,898	101,89
-1,910	101,50
-1,921	101,05
-1,932	100,78
-1,943	100,36
-1,953	100,01
-1,962	99,68
-1,970	99,40
-1,976	99,12
-1,982	98,88
-1,989	98,64
-1,993	98,47
-1,998	98,26
-2,003	98,09
-2,004	97,98
-2,007	97,79
-2,009	97,66
-2,011	97,61
-2,012	97,50
-2,012	97,44
-2,012	97,39
-2,011	97,29
-2,009	97,30
-2,006	97,31
-2,003	97,30
-2,000	97,29
-1,993	97,32
-1,989	97,40
-1,981	97,43
-1,973	97,54
-1,965	97,59
-1,957	97,70
-1,948	97,85
-1,938	97,99
-1,927	98,15
-1,916	98,31
-1,904	98,52
-1,890	98,73
-1,877	98,97
